,X,Y
36060,441,1023
36064,448,1016
36068,456,1009
36072,464,1003
36076,472,996
36080,480,990
36084,487,984
36088,494,978
36092,502,973
36096,509,967
36100,517,962
36104,524,956
36108,532,950
36112,540,944
36116,548,938
36120,556,933
36124,563,927
36128,570,922
36132,577,917
36136,584,912
36140,591,907
36144,597,902
36148,603,897
36152,610,893
36156,616,888
36160,623,884
36164,628,878
36168,634,872
36172,640,867
36176,646,861
36180,652,856
36184,658,850
36188,664,845
36192,671,840
36196,677,835
36200,684,830
36204,690,824
36208,697,819
36212,703,814
36216,710,809
36220,717,804
36224,723,798
36228,729,792
36232,735,787
36236,741,781
36240,748,776
36244,753,772
36248,758,768
36252,763,764
36256,768,760
36260,774,756
36264,778,750
36268,783,744
36272,788,739
36276,793,733
36280,798,728
36284,802,724
36288,807,720
36292,811,716
36296,816,712
36300,821,708
36304,825,703
36308,830,699
36312,834,694
36316,839,690
36320,844,686
36324,848,683
36328,852,680
36332,856,677
36336,860,674
36340,865,672
36344,866,670
36348,868,668
36352,870,666
36356,872,664
36360,874,663
36364,874,662
36368,875,662
36372,876,662
36376,877,662
36380,878,662
36384,878,660
36388,879,658
36392,879,656
36396,880,654
36400,881,653
36404,881,653
36408,881,653
36412,881,653
36416,881,653
36420,882,654
36424,881,654
36428,880,654
36432,880,654
36436,879,654
36440,879,654
36444,879,653
36448,879,653
36452,879,653
36456,879,653
36460,880,653
36464,880,653
36468,880,654
36472,880,654
36476,880,655
36480,880,656
36484,877,656
36488,874,657
36492,872,658
36496,869,659
36500,867,660
36504,863,659
36508,859,658
36512,855,657
36516,851,656
36520,848,655
36524,842,654
36528,836,653
36532,831,653
36536,825,652
36540,820,652
36544,817,651
36548,814,650
36552,811,649
36556,808,648
36560,805,647
36564,802,645
36568,799,643
36572,796,641
36576,793,639
36580,790,638
36584,785,636
36588,781,634
36592,777,632
36596,773,630
36600,769,628
36604,765,624
36608,761,620
36612,758,616
36616,754,612
36620,751,608
36624,747,604
36628,744,600
36632,741,596
36636,738,592
36640,735,589
36644,733,586
36648,731,583
36652,729,580
36656,727,577
36660,725,575
36664,723,571
36668,722,568
36672,721,565
36676,720,562
36680,719,559
36684,717,556
36688,716,553
36692,714,551
36696,713,548
36700,712,546
36704,709,541
36708,706,537
36712,703,533
36716,700,529
36720,698,525
36724,696,522
36728,694,519
36732,692,516
36736,690,513
36740,689,510
36744,687,505
36748,685,501
36752,683,496
36756,681,492
36760,680,488
36764,677,485
36768,675,482
36772,673,479
36776,671,476
36780,669,473
36784,666,469
36788,664,466
36792,661,462
36796,659,459
36800,657,456
36804,655,453
36808,653,450
36812,651,448
36816,649,445
36820,648,443
36824,645,439
36828,642,435
36832,640,432
36836,637,428
36840,635,425
36844,632,422
36848,629,419
36852,626,416
36856,623,413
36860,621,410
36864,617,407
36868,613,405
36872,609,402
36876,605,400
36880,602,398
36884,597,395
36888,592,393
36892,587,391
36896,582,389
36900,578,387
36904,575,384
36908,573,382
36912,571,379
36916,569,377
36920,567,375
36924,563,372
36928,559,370
36932,556,368
36936,552,366
36940,549,364
36944,545,362
36948,542,360
36952,539,358
36956,536,356
36960,533,355
36964,530,352
36968,527,350
36972,525,347
36976,522,345
36980,520,343
36984,518,341
36988,517,339
36992,515,337
36996,514,335
37000,513,334
37004,512,333
37008,512,333
37012,512,333
37016,512,333
37020,512,333
37024,512,333
37028,512,333
37032,511,333
37036,511,333
37040,511,333
37044,511,333
37048,511,332
37052,511,332
37056,511,332
37060,510,332
37064,510,332
37068,510,332
37072,510,332
37076,510,332
37080,510,332
37084,510,332
37088,509,332
37092,509,332
37096,509,331
37100,509,331
37104,509,331
37108,509,331
37112,509,331
37116,508,331
37120,508,331
37124,508,331
37128,508,331
37132,508,331
37136,508,331
37140,508,331
37144,506,331
37148,504,332
37152,502,332
37156,500,333
37160,498,334
37164,496,333
37168,494,333
37172,493,333
37176,491,333
37180,490,333
37184,487,333
37188,485,333
37192,482,333
37196,480,333
37200,478,334
37204,476,333
37208,475,332
37212,473,331
37216,472,330
37220,471,329
37224,470,329
37228,469,329
37232,468,329
37236,467,329
37240,467,330
37244,466,330
37248,466,330
37252,466,330
37256,466,330
37260,466,330
37264,466,330
37268,466,330
37272,466,330
37276,466,330
37280,466,330
37284,466,330
37288,466,330
37292,466,330
37296,466,330
37300,466,330
37304,466,330
37308,466,330
37312,466,330
37316,466,330
37320,466,330
37324,466,330
37328,466,330
37332,466,330
37336,466,330
37340,466,330
37344,466,330
37348,466,330
37352,466,330
37356,466,330
37360,466,330
37364,466,330
37368,466,330
37372,466,331
37376,466,331
37380,466,331
37384,466,331
37388,466,331
37392,466,331
37396,466,331
37400,466,331
37404,466,331
37408,466,331
37412,466,331
37416,466,331
37420,466,331
37424,466,331
37428,466,331
37432,466,331
37436,466,331
37440,466,331
37444,466,331
37448,466,331
37452,466,331
37456,466,331
37460,466,331
37464,466,331
37468,466,331
37472,466,331
37476,466,331
37480,466,331
37484,466,331
37488,466,331
37492,466,331
37496,466,331
37500,466,332
37504,466,331
37508,466,331
37512,466,330
37516,466,330
37520,466,330
37524,464,329
37528,463,328
37532,462,328
37536,461,327
37540,460,327
37544,459,327
37548,458,327
37552,458,328
37556,457,328
37560,457,329
37564,456,329
37568,456,330
37572,455,331
37576,455,332
37580,455,333
37584,455,333
37588,455,333
37592,456,333
37596,456,333
37600,457,333
37604,456,332
37608,456,331
37612,455,330
37616,455,329
37620,455,329
37624,455,329
37628,455,329
37632,455,329
37636,455,329
37640,455,329
37644,454,329
37648,454,329
37652,454,329
37656,454,329
37660,454,329
37664,454,329
37668,454,329
37672,454,329
37676,454,329
37680,454,329
37684,454,329
37688,454,329
37692,454,329
37696,454,329
37700,454,329
37704,454,329
37708,454,329
37712,454,329
37716,454,329
37720,454,329
37724,454,329
37728,454,329
37732,453,329
37736,453,329
37740,453,329
37744,453,329
37748,453,329
37752,453,329
37756,453,329
37760,453,329
37764,453,329
37768,453,329
37772,453,329
37776,453,329
37780,453,329
37784,453,329
37788,453,329
37792,453,329
37796,453,329
37800,453,329
37804,453,329
37808,453,329
37812,453,329
37816,453,329
37820,452,329
37824,452,329
37828,452,329
37832,452,329
37836,452,329
37840,452,329
37844,452,329
37848,452,329
37852,452,329
37856,452,329
37860,452,329
37864,452,329
37868,452,329
37872,452,329
37876,452,329
37880,452,329
37884,452,329
37888,452,329
37892,452,329
37896,452,329
37900,452,329
37904,452,329
37908,451,329
37912,451,329
37916,451,329
37920,451,329
37924,451,329
37928,451,329
37932,451,329
37936,451,329
37940,451,329
37944,451,329
37948,451,329
37952,451,330
37956,451,330
37960,451,330
37964,451,330
37968,451,330
37972,451,330
37976,451,330
37980,451,330
37984,451,330
37988,451,330
37992,451,330
37996,450,330
38000,450,330
38004,450,330
38008,450,330
38012,450,330
38016,450,330
38020,450,330
38024,450,330
38028,450,330
38032,450,330
38036,450,330
38040,450,330
38044,450,330
38048,450,330
38052,450,330
38056,450,330
38060,450,330
38064,450,330
38068,450,330
38072,450,330
38076,450,330
38080,450,330
38084,449,330
38088,449,330
38092,449,330
38096,449,330
38100,449,330
38104,449,330
38108,449,330
38112,449,330
38116,449,330
38120,449,330
38124,449,330
38128,449,330
38132,449,330
38136,449,330
38140,449,330
38144,449,330
38148,449,330
38152,449,330
38156,449,330
38160,449,330
38164,449,330
38168,449,330
38172,448,330
38176,448,330
38180,448,330
38184,448,330
38188,448,330
38192,448,330
38196,448,330
38200,448,330
38204,448,330
38208,448,330
38212,448,330
38216,448,330
38220,448,330
38224,448,330
38228,448,330
38232,448,330
38236,448,330
38240,448,330
38244,448,330
38248,448,330
38252,448,330
38256,448,330
38260,448,331
38264,446,331
38268,444,331
38272,442,332
38276,440,332
38280,438,333
38284,437,331
38288,436,329
38292,435,328
38296,434,326
38300,433,325
38304,432,325
38308,431,325
38312,430,325
38316,429,325
38320,429,326
38324,429,326
38328,429,326
38332,430,327
38336,430,327
38340,431,328
38344,430,327
38348,430,327
38352,430,327
38356,430,327
38360,430,327
38364,430,327
38368,430,327
38372,430,327
38376,430,327
38380,430,327
38384,430,327
38388,430,327
38392,430,327
38396,430,327
38400,430,327
38404,430,327
38408,430,327
38412,430,327
38416,430,327
38420,430,327
38424,430,327
38428,430,326
38432,430,326
38436,430,326
38440,430,326
38444,430,326
38448,430,326
38452,430,326
38456,430,326
38460,430,326
38464,430,326
38468,430,326
38472,430,326
38476,430,326
38480,430,326
38484,430,326
38488,430,326
38492,430,326
38496,430,326
38500,430,326
38504,430,326
38508,430,326
38512,430,326
38516,430,325
38520,430,325
38524,430,325
38528,430,325
38532,430,325
38536,430,325
38540,430,325
38544,430,325
38548,430,325
38552,430,325
38556,430,325
38560,430,325
38564,430,325
38568,430,325
38572,430,325
38576,430,325
38580,430,325
38584,430,325
38588,430,325
38592,430,325
38596,430,325
38600,430,325
38604,428,326
38608,426,327
38612,424,329
38616,422,330
38620,420,332
38624,418,331
38628,417,331
38632,415,330
38636,414,330
38640,413,330
38644,412,330
38648,412,330
38652,411,330
38656,411,330
38660,411,330
38664,410,330
38668,409,330
38672,408,330
38676,407,330
38680,407,330
38684,406,329
38688,406,329
38692,406,329
38696,406,329
38700,406,329
38704,406,329
38708,406,329
38712,406,329
38716,406,329
38720,406,329
38724,406,329
38728,406,329
38732,406,329
38736,406,329
38740,406,329
38744,406,329
38748,406,329
38752,405,329
38756,405,329
38760,405,329
38764,405,329
38768,405,329
38772,405,329
38776,405,329
38780,405,329
38784,405,329
38788,405,329
38792,405,329
38796,405,329
38800,405,329
38804,405,329
38808,405,329
38812,405,329
38816,405,329
38820,404,329
38824,404,329
38828,404,329
38832,404,329
38836,404,329
38840,404,329
38844,404,329
38848,404,329
38852,404,329
38856,404,329
38860,404,329
38864,404,329
38868,404,329
38872,404,329
38876,404,329
38880,404,329
38884,404,329
38888,403,329
38892,403,329
38896,403,329
38900,403,329
38904,403,329
38908,403,329
38912,403,329
38916,403,329
38920,403,329
38924,403,329
38928,403,329
38932,403,329
38936,403,329
38940,403,329
38944,403,329
38948,403,329
38952,403,329
38956,402,329
38960,402,329
38964,402,329
38968,402,329
38972,402,329
38976,402,329
38980,402,329
38984,402,329
38988,402,329
38992,402,329
38996,402,329
39000,402,329
39004,402,329
39008,402,329
39012,402,329
39016,402,329
39020,402,329
39024,401,329
39028,401,329
39032,401,329
39036,401,329
39040,401,329
39044,401,329
39048,401,329
39052,401,329
39056,401,329
39060,401,329
39064,401,329
39068,401,329
39072,401,329
39076,401,329
39080,401,329
39084,401,329
39088,401,329
39092,401,329
39096,400,329
39100,400,329
39104,400,329
39108,400,329
39112,400,329
39116,400,329
39120,400,329
39124,400,329
39128,400,329
39132,400,329
39136,400,329
39140,400,329
39144,400,329
39148,400,329
39152,400,329
39156,400,329
39160,400,329
39164,399,329
39168,399,329
39172,399,329
39176,399,329
39180,399,329
39184,399,329
39188,399,329
39192,399,329
39196,399,329
39200,399,329
39204,399,329
39208,399,329
39212,399,329
39216,399,329
39220,399,329
39224,399,329
39228,399,329
39232,398,329
39236,398,329
39240,398,329
39244,398,329
39248,398,329
39252,398,329
39256,398,329
39260,398,329
39264,398,329
39268,398,329
39272,398,329
39276,398,329
39280,398,329
39284,398,329
39288,398,329
39292,398,329
39296,398,329
39300,397,329
39304,397,329
39308,397,329
39312,397,329
39316,397,329
39320,397,329
39324,397,329
39328,397,329
39332,397,329
39336,397,329
39340,397,329
39344,397,329
39348,397,329
39352,397,329
39356,397,329
39360,397,329
39364,397,329
39368,396,329
39372,396,329
39376,396,329
39380,396,329
39384,396,329
39388,396,329
39392,396,329
39396,396,329
39400,396,329
39404,396,329
39408,396,329
39412,396,329
39416,396,329
39420,396,329
39424,396,329
39428,396,329
39432,396,329
39436,395,329
39440,395,329
39444,395,329
39448,395,329
39452,395,329
39456,395,329
39460,395,329
39464,395,329
39468,395,329
39472,395,328
39476,395,328
39480,395,328
39484,395,328
39488,395,328
39492,395,328
39496,395,328
39500,395,328
39504,395,328
39508,394,328
39512,394,328
39516,394,328
39520,394,328
39524,394,328
39528,394,328
39532,394,328
39536,394,328
39540,394,328
39544,394,328
39548,394,328
39552,394,328
39556,394,328
39560,394,328
39564,394,328
39568,394,328
39572,394,328
39576,393,328
39580,393,328
39584,393,328
39588,393,328
39592,393,328
39596,393,328
39600,393,328
39604,393,328
39608,393,328
39612,393,328
39616,393,328
39620,393,328
39624,393,328
39628,393,328
39632,393,328
39636,393,328
39640,393,328
39644,392,328
39648,392,328
39652,392,328
39656,392,328
39660,392,328
39664,392,328
39668,392,328
39672,392,328
39676,392,328
39680,392,328
39684,392,328
39688,392,328
39692,392,328
39696,392,328
39700,392,328
39704,392,328
39708,392,328
39712,391,328
39716,391,328
39720,391,328
39724,391,328
39728,391,328
39732,391,328
39736,391,328
39740,391,328
39744,391,328
39748,391,328
39752,391,328
39756,391,328
39760,391,328
39764,391,328
39768,391,328
39772,391,328
39776,391,328
39780,390,328
39784,390,328
39788,390,328
39792,390,328
39796,390,328
39800,390,328
39804,390,328
39808,390,328
39812,390,328
39816,390,328
39820,390,328
39824,390,328
39828,390,328
39832,390,328
39836,390,328
39840,390,328
39844,390,328
39848,389,328
39852,389,328
39856,389,328
39860,389,328
39864,389,328
39868,389,328
39872,389,328
39876,389,328
39880,389,328
39884,389,328
39888,389,328
39892,389,328
39896,389,328
39900,389,328
39904,389,328
39908,389,328
39912,389,328
39916,389,328
39920,388,328
39924,388,328
39928,388,328
39932,388,328
39936,388,328
39940,388,328
39944,388,328
39948,388,328
39952,388,328
39956,388,328
39960,388,328
39964,388,328
39968,388,328
39972,388,328
39976,388,328
39980,388,328
39984,388,328
39988,387,328
39992,387,328
39996,387,328
40000,387,328
40004,387,328
40008,387,328
40012,387,328
40016,387,328
40020,387,328
40024,387,328
40028,387,328
40032,387,328
40036,387,328
40040,387,328
40044,387,328
40048,387,328
40052,387,328
40056,386,328
40060,386,328
40064,386,328
40068,386,328
40072,386,328
40076,386,328
40080,386,328
40084,386,328
40088,386,328
40092,386,328
40096,386,328
40100,386,328
40104,386,328
40108,386,328
40112,386,328
40116,386,328
40120,386,328
40124,385,328
40128,385,328
40132,385,328
40136,385,328
40140,385,328
40144,385,328
40148,385,328
40152,385,328
40156,385,328
40160,385,328
40164,385,328
40168,385,328
40172,385,328
40176,385,328
40180,385,328
40184,385,328
40188,385,328
40192,384,328
40196,384,328
40200,384,328
40204,384,328
40208,384,328
40212,384,328
40216,384,328
40220,384,328
40224,384,328
40228,384,328
40232,384,328
40236,384,328
40240,384,328
40244,384,328
40248,384,328
40252,384,328
40256,384,328
40260,384,328
40264,379,328
40268,374,329
40272,369,330
40276,364,331
40280,359,332
40284,356,331
40288,353,331
40292,350,330
40296,347,330
40300,344,330
40304,344,330
40308,344,330
40312,344,330
40316,344,330
40320,344,330
40324,344,330
40328,344,330
40332,344,330
40336,344,330
40340,344,330
40344,344,330
40348,344,330
40352,344,330
40356,344,330
40360,344,330
40364,344,330
40368,345,330
40372,345,330
40376,345,330
40380,345,330
40384,345,330
40388,345,330
40392,345,330
40396,345,330
40400,345,330
40404,345,330
40408,345,330
40412,345,330
40416,345,330
40420,345,330
40424,345,330
40428,345,330
40432,346,330
40436,346,330
40440,346,330
40444,346,330
40448,346,330
40452,346,330
40456,346,330
40460,346,330
40464,346,330
40468,346,330
40472,346,330
40476,346,330
40480,346,330
40484,346,330
40488,346,330
40492,346,330
40496,346,330
40500,347,330
40504,347,330
40508,347,330
40512,347,330
40516,347,330
40520,347,330
40524,347,330
40528,347,330
40532,347,330
40536,347,330
40540,347,330
40544,347,330
40548,347,330
40552,347,330
40556,347,330
40560,347,330
40564,348,330
40568,348,330
40572,348,330
40576,348,330
40580,348,330
40584,348,330
40588,348,330
40592,348,330
40596,348,330
40600,348,330
40604,348,330
40608,348,330
40612,348,330
40616,348,330
40620,348,330
40624,348,330
40628,348,330
40632,349,330
40636,349,330
40640,349,330
40644,349,330
40648,349,330
40652,349,330
40656,349,330
40660,349,330
40664,349,330
40668,349,330
40672,349,330
40676,349,330
40680,349,330
40684,349,330
40688,349,330
40692,349,330
40696,350,330
40700,350,330
40704,350,330
40708,350,330
40712,350,330
40716,350,330
40720,350,330
40724,350,330
40728,350,330
40732,350,330
40736,350,330
40740,350,330
40744,350,330
40748,350,330
40752,350,330
40756,350,330
40760,351,331
40764,351,331
40768,352,332
40772,353,332
40776,354,333
40780,355,334
40784,355,335
40788,355,336
40792,355,337
40796,355,338
40800,355,339
40804,355,342
40808,355,345
40812,355,348
40816,355,351
40820,356,355
40824,355,356
40828,355,358
40832,354,359
40836,354,361
40840,354,363
40844,354,364
40848,354,365
40852,355,367
40856,355,368
40860,356,370
40864,356,371
40868,356,372
40872,356,373
40876,356,374
40880,357,376
40884,356,379
40888,355,382
40892,354,386
40896,353,389
40900,352,393
40904,352,394
40908,352,395
40912,352,397
40916,352,398
40920,353,400
40924,352,400
40928,352,400
40932,351,401
40936,351,401
40940,351,402
40944,351,402
40948,352,403
40952,352,404
40956,353,405
40960,354,406
40964,354,405
40968,354,405
40972,354,404
40976,354,404
40980,354,404
40984,354,403
40988,354,403
40992,354,402
40996,354,402
41000,354,402
41004,353,401
41008,353,401
41012,353,401
41016,353,401
41020,353,401
41024,351,401
41028,349,401
41032,347,402
41036,345,402
41040,343,403
41044,339,403
41048,335,403
41052,331,403
41056,327,403
41060,323,404
41064,321,404
41068,319,404
41072,317,405
41076,315,405
41080,314,406
41084,314,405
41088,314,405
41092,314,405
41096,314,405
41100,314,405
41104,314,405
41108,314,405
41112,314,405
41116,314,405
41120,314,405
41124,314,405
41128,314,405
41132,314,405
41136,314,405
41140,314,405
41144,314,405
41148,314,405
41152,314,405
41156,314,405
41160,314,405
41164,314,405
41168,314,405
41172,314,405
41176,314,404
41180,314,404
41184,314,404
41188,314,404
41192,314,404
41196,314,404
41200,314,404
41204,314,404
41208,314,404
41212,314,404
41216,314,404
41220,314,404
41224,314,404
41228,314,404
41232,314,404
41236,314,404
41240,314,404
41244,314,404
41248,314,404
41252,314,404
41256,314,404
41260,314,404
41264,314,404
41268,314,403
41272,314,403
41276,314,403
41280,314,403
41284,314,403
41288,314,403
41292,314,403
41296,314,403
41300,314,403
41304,314,403
41308,314,403
41312,314,403
41316,314,403
41320,314,403
41324,314,403
41328,314,403
41332,314,403
41336,314,403
41340,314,403
41344,314,403
41348,314,403
41352,314,403
41356,314,403
41360,314,403
41364,314,402
41368,314,402
41372,314,402
41376,314,402
41380,314,402
41384,314,402
41388,314,402
41392,314,402
41396,314,402
41400,314,402
41404,314,402
41408,314,402
41412,314,402
41416,314,402
41420,314,402
41424,314,402
41428,314,402
41432,314,402
41436,314,402
41440,314,402
41444,314,402
41448,314,402
41452,314,402
41456,314,401
41460,314,401
41464,314,401
41468,314,401
41472,314,401
41476,314,401
41480,314,401
41484,314,401
41488,314,401
41492,314,401
41496,314,401
41500,314,401
41504,314,401
41508,314,401
41512,314,401
41516,314,401
41520,314,401
41524,314,401
41528,314,401
41532,314,401
41536,314,401
41540,314,401
41544,314,401
41548,314,400
41552,314,400
41556,314,400
41560,314,400
41564,314,400
41568,314,400
41572,314,400
41576,314,400
41580,314,400
41584,314,400
41588,314,400
41592,314,400
41596,314,400
41600,314,400
41604,314,400
41608,314,400
41612,314,400
41616,314,400
41620,314,400
41624,314,400
41628,314,400
41632,314,400
41636,314,400
41640,314,400
41644,314,400
41648,314,400
41652,314,400
41656,314,400
41660,314,401
41664,315,402
41668,316,403
41672,317,404
41676,318,405
41680,320,407
41684,321,407
41688,323,408
41692,324,408
41696,326,409
41700,328,410
41704,327,411
41708,326,412
41712,325,414
41716,324,415
41720,324,417
41724,323,418
41728,323,419
41732,323,420
41736,323,421
41740,323,423
41744,323,423
41748,323,424
41752,323,425
41756,323,426
41760,323,427
41764,325,428
41768,328,429
41772,330,430
41776,333,431
41780,336,432
41784,338,433
41788,340,434
41792,342,435
41796,344,436
41800,346,438
41804,347,439
41808,349,441
41812,351,443
41816,353,445
41820,355,447
41824,356,449
41828,358,451
41832,359,453
41836,361,455
41840,363,457
41844,365,459
41848,367,461
41852,370,463
41856,372,465
41860,375,467
41864,376,469
41868,377,471
41872,378,473
41876,379,475
41880,381,478
41884,383,479
41888,386,481
41892,388,483
41896,391,485
41900,394,487
41904,397,489
41908,400,492
41912,404,495
41916,407,498
41920,411,501
41924,413,503
41928,415,505
41932,418,507
41936,420,509
41940,423,511
41944,426,512
41948,429,513
41952,433,515
41956,436,516
41960,440,518
41964,442,518
41968,444,518
41972,446,518
41976,448,518
41980,451,519
41984,453,519
41988,455,520
41992,457,520
41996,459,521
42000,462,522
42004,463,521
42008,464,521
42012,465,521
42016,466,521
42020,468,521
42024,469,521
42028,470,522
42032,472,523
42036,473,524
42040,475,525
42044,478,525
42048,481,526
42052,484,526
42056,487,527
42060,490,528
42064,492,530
42068,495,532
42072,498,534
42076,501,536
42080,504,538
42084,506,540
42088,508,542
42092,510,544
42096,512,546
42100,515,549
42104,519,551
42108,524,553
42112,529,556
42116,534,558
42120,539,561
42124,544,562
42128,549,563
42132,554,564
42136,559,565
42140,565,567
42144,571,567
42148,577,567
42152,583,567
42156,589,567
42160,596,568
42164,601,568
42168,607,568
42172,612,569
42176,618,569
42180,624,570
42184,629,570
42188,635,571
42192,640,572
42196,646,573
42200,652,574
42204,656,575
42208,661,576
42212,665,578
42216,670,579
42220,675,581
42224,680,583
42228,685,585
42232,690,588
42236,695,590
42240,701,593
42244,705,594
42248,709,596
42252,714,598
42256,718,600
42260,723,602
42264,727,605
42268,732,608
42272,736,611
42276,741,614
42280,746,618
42284,751,620
42288,757,623
42292,762,626
42296,768,629
42300,774,632
42304,777,633
42308,781,634
42312,785,636
42316,789,637
42320,793,639
42324,796,640
42328,799,642
42332,802,643
42336,805,645
42340,809,647
42344,811,647
42348,814,648
42352,816,648
42356,819,649
42360,822,650
42364,825,650
42368,829,650
42372,832,651
42376,836,651
42380,840,652
42384,842,651
42388,845,651
42392,847,650
42396,850,650
42400,853,650
42404,853,651
42408,854,652
42412,854,653
42416,855,654
42420,856,656
42424,857,656
42428,858,656
42432,860,656
42436,861,656
42440,863,657
42444,866,656
42448,870,656
42452,874,656
42456,878,656
42460,882,656
42464,887,656
42468,892,656
42472,898,657
42476,903,657
42480,909,658
42484,916,657
42488,923,657
42492,930,656
42496,937,656
42500,944,656
42504,950,654
42508,956,653
42512,962,652
42516,968,651
42520,974,650
42524,979,648
42528,985,646
42532,991,645
42536,997,643
42540,1003,642
42544,1008,639
42548,1013,636
42552,1018,633
42556,1023,630
42560,1028,628
42564,1031,625
42568,1034,622
42572,1037,619
42576,1040,616
42580,1043,614
42584,1044,610
42588,1045,606
42592,1047,602
42596,1048,598
42600,1050,595
42604,1049,592
42608,1049,589
42612,1048,586
42616,1048,583
42620,1048,580
42624,1046,576
42628,1045,573
42632,1043,569
42636,1042,566
42640,1041,563
42644,1042,560
42648,1044,558
42652,1046,556
42656,1048,554
42660,1050,552
42664,1050,549
42668,1050,547
42672,1050,545
42676,1050,543
42680,1050,541
42684,1049,539
42688,1049,538
42692,1048,536
42696,1048,535
42700,1048,534
42704,1047,532
42708,1046,530
42712,1046,529
42716,1045,527
42720,1045,526
42724,1045,526
42728,1045,526
42732,1045,526
42736,1045,526
42740,1046,526
42744,1046,526
42748,1046,526
42752,1046,526
42756,1046,526
42760,1046,526
42764,1046,526
42768,1046,526
42772,1047,526
42776,1047,526
42780,1047,526
42784,1047,526
42788,1047,526
42792,1047,526
42796,1047,526
42800,1048,526
42804,1048,525
42808,1048,525
42812,1048,524
42816,1048,524
42820,1048,524
42824,1044,523
42828,1041,523
42832,1038,523
42836,1035,523
42840,1032,523
42844,1029,521
42848,1026,519
42852,1023,517
42856,1020,515
42860,1018,514
42864,1013,513
42868,1008,513
42872,1004,513
42876,999,513
42880,995,513
42884,989,512
42888,983,512
42892,978,511
42896,972,511
42900,967,511
42904,962,511
42908,957,511
42912,952,511
42916,947,511
42920,942,511
42924,941,510
42928,941,510
42932,941,510
42936,941,510
42940,941,510
42944,940,510
42948,940,510
42952,940,510
42956,940,510
42960,940,510
42964,940,510
42968,939,510
42972,939,510
42976,939,510
42980,939,510
42984,939,510
42988,938,510
42992,938,510
42996,938,510
43000,938,510
43004,938,510
43008,938,510
43012,937,510
43016,937,510
43020,937,510
43024,937,510
43028,937,510
43032,936,510
43036,936,510
43040,936,510
43044,936,510
43048,936,510
43052,936,510
43056,935,510
43060,935,510
43064,935,509
43068,935,509
43072,935,509
43076,934,509
43080,934,509
43084,934,509
43088,934,509
43092,934,509
43096,934,509
43100,933,509
43104,933,509
43108,933,509
43112,933,509
43116,933,509
43120,932,509
43124,932,509
43128,932,509
43132,932,509
43136,932,509
43140,932,509
43144,931,509
43148,931,509
43152,931,509
43156,931,509
43160,931,509
43164,930,509
43168,930,509
43172,930,509
43176,930,509
43180,930,509
43184,930,509
43188,929,509
43192,929,509
43196,929,509
43200,929,509
43204,929,509
43208,928,508
43212,928,508
43216,928,508
43220,928,508
43224,928,508
43228,928,508
43232,927,508
43236,927,508
43240,927,508
43244,927,508
43248,927,508
43252,926,508
43256,926,508
43260,926,508
43264,926,508
43268,926,508
43272,926,508
43276,925,508
43280,925,508
43284,925,508
43288,925,508
43292,925,508
43296,924,508
43300,924,508
43304,924,508
43308,924,508
43312,924,508
43316,924,508
43320,923,508
43324,923,508
43328,923,508
43332,923,508
43336,923,508
43340,922,508
43344,922,508
43348,922,508
43352,922,507
43356,922,507
43360,922,507
43364,921,507
43368,921,507
43372,921,507
43376,921,507
43380,921,507
43384,920,507
43388,920,507
43392,920,507
43396,920,507
43400,920,507
43404,920,507
43408,919,507
43412,919,507
43416,919,507
43420,919,507
43424,919,507
43428,918,507
43432,918,507
43436,918,507
43440,918,507
43444,918,507
43448,918,507
43452,917,507
43456,917,507
43460,917,507
43464,917,507
43468,917,507
43472,916,507
43476,916,507
43480,916,507
43484,916,507
43488,916,507
43492,916,507
43496,915,506
43500,915,506
43504,915,506
43508,915,506
43512,915,506
43516,914,506
43520,914,506
43524,914,506
43528,914,506
43532,914,506
43536,914,506
43540,913,506
43544,913,506
43548,913,506
43552,913,506
43556,913,506
43560,912,506
43564,912,506
43568,912,506
43572,912,506
43576,912,506
43580,912,506
43584,911,506
43588,911,506
43592,911,506
43596,911,506
43600,911,506
43604,910,506
43608,910,506
43612,910,506
43616,910,506
43620,910,506
43624,910,506
43628,909,506
43632,909,506
43636,909,506
43640,909,505
43644,909,505
43648,908,505
43652,908,505
43656,908,505
43660,908,505
43664,908,505
43668,908,505
43672,907,505
43676,907,505
43680,907,505
43684,907,505
43688,907,505
43692,906,505
43696,906,505
43700,906,505
43704,906,505
43708,906,505
43712,906,505
43716,905,505
43720,905,505
43724,905,505
43728,905,505
43732,905,505
43736,904,505
43740,904,505
43744,904,505
43748,904,505
43752,904,505
43756,904,505
43760,903,505
43764,903,505
43768,903,505
43772,903,505
43776,903,505
43780,903,505
43784,902,504
43788,902,504
43792,902,504
43796,902,504
43800,902,504
43804,901,504
43808,901,504
43812,901,504
43816,901,504
43820,901,504
43824,901,504
43828,900,504
43832,900,504
43836,900,504
43840,900,504
43844,900,504
43848,899,504
43852,899,504
43856,899,504
43860,899,504
43864,899,504
43868,899,504
43872,898,504
43876,898,504
43880,898,504
43884,898,504
43888,898,504
43892,897,504
43896,897,504
43900,897,504
43904,897,504
43908,897,504
43912,897,504
43916,896,504
43920,896,504
43924,896,503
43928,896,503
43932,896,503
43936,895,503
43940,895,503
43944,895,503
43948,895,503
43952,895,503
43956,895,503
43960,894,503
43964,894,503
43968,894,503
43972,894,503
43976,894,503
43980,893,503
43984,893,503
43988,893,503
43992,893,503
43996,893,503
44000,893,503
44004,892,503
44008,892,503
44012,892,503
44016,892,503
44020,892,503
44024,891,503
44028,891,503
44032,891,503
44036,891,503
44040,891,503
44044,891,503
44048,890,503
44052,890,503
44056,890,503
44060,890,503
44064,890,503
44068,889,502
44072,889,502
44076,889,502
44080,889,502
44084,889,502
44088,889,502
44092,888,502
44096,888,502
44100,888,502
44104,888,502
44108,888,502
44112,887,502
44116,887,502
44120,887,502
44124,887,502
44128,887,502
44132,887,502
44136,886,502
44140,886,502
44144,886,502
44148,886,502
44152,886,502
44156,885,502
44160,885,502
44164,885,502
44168,885,502
44172,885,502
44176,885,502
44180,884,502
44184,884,502
44188,884,502
44192,884,502
44196,884,502
44200,883,502
44204,883,502
44208,883,502
44212,883,501
44216,883,501
44220,883,501
44224,882,501
44228,882,501
44232,882,501
44236,882,501
44240,882,501
44244,881,501
44248,881,501
44252,881,501
44256,881,501
44260,881,501
44264,881,501
44268,880,501
44272,880,501
44276,880,501
44280,880,501
44284,880,501
44288,879,501
44292,879,501
44296,879,501
44300,879,501
44304,879,501
44308,879,501
44312,878,501
44316,878,501
44320,878,501
44324,878,501
44328,878,501
44332,877,501
44336,877,501
44340,877,501
44344,877,501
44348,877,501
44352,877,501
44356,876,500
44360,876,500
44364,876,500
44368,876,500
44372,876,500
44376,875,500
44380,875,500
44384,875,500
44388,875,500
44392,875,500
44396,875,500
44400,874,500
44404,874,500
44408,874,500
44412,874,500
44416,874,500
44420,873,500
44424,873,500
44428,873,500
44432,873,500
44436,873,500
44440,873,500
44444,872,500
44448,872,500
44452,872,500
44456,872,500
44460,872,500
44464,871,500
44468,871,500
44472,871,500
44476,871,500
44480,871,500
44484,871,500
44488,870,500
44492,870,500
44496,870,500
44500,870,499
44504,870,499
44508,869,499
44512,869,499
44516,869,499
44520,869,499
44524,869,499
44528,869,499
44532,868,499
44536,868,499
44540,868,499
44544,868,499
44548,868,499
44552,867,499
44556,867,499
44560,867,499
44564,867,499
44568,867,499
44572,867,499
44576,866,499
44580,866,499
44584,866,499
44588,866,499
44592,866,499
44596,865,499
44600,865,499
44604,865,499
44608,865,499
44612,865,499
44616,865,499
44620,864,499
44624,864,499
44628,864,499
44632,864,499
44636,864,499
44640,864,499
44644,863,498
44648,862,497
44652,862,496
44656,861,495
44660,861,494
44664,861,494
44668,861,494
44672,861,494
44676,861,494
44680,862,495
44684,861,494
44688,861,494
44692,861,494
44696,861,494
44700,861,494
44704,861,494
44708,861,494
44712,861,494
44716,861,494
44720,861,494
44724,861,494
44728,861,494
44732,861,494
44736,861,494
44740,861,494
44744,861,494
44748,861,494
44752,861,494
44756,861,494
44760,861,494
44764,861,494
44768,861,494
44772,861,494
44776,861,494
44780,861,494
44784,861,494
44788,861,494
44792,861,494
44796,861,494
44800,861,494
44804,861,494
44808,861,494
44812,861,494
44816,861,494
44820,861,494
44824,861,494
44828,861,494
44832,861,494
44836,860,494
44840,860,494
44844,860,494
44848,860,494
44852,860,494
44856,860,494
44860,860,494
44864,860,494
44868,860,494
44872,860,494
44876,860,494
44880,860,494
44884,860,494
44888,860,494
44892,860,494
44896,860,494
44900,860,494
44904,860,494
44908,860,494
44912,860,494
44916,860,494
44920,860,494
44924,860,494
44928,860,494
44932,860,494
44936,860,494
44940,860,494
44944,860,494
44948,860,494
44952,860,494
44956,860,494
44960,860,494
44964,860,494
44968,860,494
44972,860,494
44976,860,494
44980,860,494
44984,860,494
44988,860,494
44992,859,494
44996,859,494
45000,859,494
45004,859,494
45008,859,494
45012,859,494
45016,859,494
45020,859,494
45024,859,494
45028,859,494
45032,859,494
45036,859,494
45040,859,494
45044,859,494
45048,859,494
45052,859,494
45056,859,494
45060,859,494
45064,859,494
45068,859,494
45072,859,494
45076,859,494
45080,859,494
45084,859,494
45088,859,494
45092,859,494
45096,859,494
45100,859,494
45104,859,494
45108,859,494
45112,859,494
45116,859,494
45120,859,494
45124,859,494
45128,859,494
45132,859,494
45136,859,494
45140,859,494
45144,859,494
45148,858,494
45152,858,494
45156,858,494
45160,858,494
45164,858,494
45168,858,494
45172,858,494
45176,858,494
45180,858,494
45184,858,494
45188,858,494
45192,858,494
45196,858,494
45200,858,494
45204,858,494
45208,858,494
45212,858,494
45216,858,494
45220,858,494
45224,858,494
45228,858,494
45232,858,494
45236,858,494
45240,858,494
45244,858,494
45248,858,494
45252,858,494
45256,858,494
45260,858,494
45264,858,494
45268,858,494
45272,858,494
45276,858,494
45280,858,494
45284,858,494
45288,858,494
45292,858,494
45296,858,494
45300,858,494
45304,858,494
45308,858,494
45312,858,495
45316,858,495
45320,858,496
45324,855,497
45328,853,498
45332,850,499
45336,848,500
45340,846,501
45344,844,501
45348,843,502
45352,841,503
45356,840,504
45360,839,505
45364,837,505
45368,835,506
45372,833,506
45376,831,507
45380,829,508
45384,826,508
45388,824,508
45392,821,508
45396,819,508
45400,817,508
45404,813,508
45408,809,509
45412,805,510
45416,801,511
45420,798,512
45424,794,513
45428,791,514
45432,788,515
45436,785,516
45440,782,518
45444,777,518
45448,773,519
45452,768,520
45456,764,521
45460,760,522
45464,759,522
45468,758,523
45472,758,524
45476,757,525
45480,757,526
45484,756,526
45488,755,526
45492,755,526
45496,754,526
45500,754,526
45504,751,530
45508,749,534
45512,747,538
45516,745,542
45520,743,546
45524,744,549
45528,745,552
45532,747,555
45536,748,558
45540,750,561
45544,754,563
45548,758,566
45552,762,569
45556,766,572
45560,770,575
45564,772,575
45568,774,576
45572,776,577
45576,778,578
45580,781,579
45584,781,579
45588,781,579
45592,781,580
45596,781,580
45600,781,581
45604,781,581
45608,781,581
45612,781,581
45616,781,581
45620,781,581
45624,781,581
45628,781,581
45632,781,581
45636,781,581
45640,781,581
45644,781,581
45648,781,581
45652,781,581
45656,781,581
45660,781,581
45664,781,581
45668,781,581
45672,781,581
45676,781,581
45680,781,581
45684,782,581
45688,782,581
45692,782,581
45696,782,581
45700,782,581
45704,782,581
45708,782,581
45712,782,581
45716,782,581
45720,782,581
45724,782,581
45728,782,581
45732,782,581
45736,782,581
45740,782,582
45744,782,582
45748,782,582
45752,782,582
45756,782,582
45760,782,582
45764,782,582
45768,783,582
45772,783,582
45776,783,582
45780,783,582
45784,783,582
45788,783,582
45792,783,582
45796,783,582
45800,783,582
45804,783,582
45808,783,582
45812,783,582
45816,783,582
45820,783,582
45824,783,582
45828,783,582
45832,783,582
45836,783,582
45840,783,582
45844,783,582
45848,783,582
45852,784,582
45856,784,582
45860,784,582
45864,784,582
45868,784,582
45872,784,582
45876,784,582
45880,784,583
45884,784,583
45888,784,583
45892,784,583
45896,784,583
45900,784,583
45904,784,583
45908,784,583
45912,784,583
45916,784,583
45920,784,583
45924,784,583
45928,784,583
45932,784,583
45936,785,583
45940,785,583
45944,785,583
45948,785,583
45952,785,583
45956,785,583
45960,785,583
45964,785,583
45968,785,583
45972,785,583
45976,785,583
45980,785,583
45984,785,583
45988,785,583
45992,785,583
45996,785,583
46000,785,583
46004,785,583
46008,785,583
46012,785,583
46016,785,583
46020,786,584
46024,784,583
46028,782,582
46032,781,581
46036,779,580
46040,778,580
46044,776,579
46048,775,579
46052,773,578
46056,772,578
46060,771,578
46064,770,576
46068,769,574
46072,768,572
46076,767,570
46080,766,568
46084,764,565
46088,762,562
46092,760,559
46096,758,556
46100,756,554
46104,756,552
46108,757,550
46112,757,548
46116,758,546
46120,759,544
46124,759,541
46128,760,539
46132,760,536
46136,761,534
46140,762,532
46144,762,530
46148,762,528
46152,762,526
46156,762,524
46160,763,523
46164,765,522
46168,768,521
46172,771,520
46176,774,519
46180,777,518
46184,779,517
46188,781,516
46192,784,515
46196,786,514
46200,789,513
46204,792,509
46208,796,506
46212,800,503
46216,804,500
46220,808,497
46224,811,494
46228,815,492
46232,818,489
46236,822,487
46240,826,485
46244,828,482
46248,831,480
46252,833,478
46256,836,476
46260,839,474
46264,841,470
46268,843,466
46272,845,463
46276,847,459
46280,849,456
46284,850,452
46288,851,449
46292,853,446
46296,854,443
46300,856,440
46304,856,436
46308,857,433
46312,858,429
46316,859,426
46320,860,423
46324,861,420
46328,862,417
46332,864,414
46336,865,411
46340,867,409
46344,867,406
46348,868,403
46352,869,401
46356,870,398
46360,871,396
46364,871,392
46368,871,388
46372,872,385
46376,872,381
46380,873,378
46384,874,375
46388,875,373
46392,876,371
46396,877,369
46400,879,367
46404,880,364
46408,881,361
46412,882,358
46416,883,355
46420,884,352
46424,886,349
46428,888,346
46432,890,343
46436,892,340
46440,894,338
46444,895,336
46448,896,334
46452,897,332
46456,898,330
46460,900,328
46464,900,325
46468,900,322
46472,900,319
46476,900,316
46480,901,313
46484,900,310
46488,899,307
46492,898,305
46496,897,302
46500,897,300
46504,897,297
46508,897,294
46512,898,291
46516,898,288
46520,899,285
46524,898,283
46528,897,281
46532,897,280
46536,896,278
46540,896,277
46544,896,274
46548,896,271
46552,896,268
46556,896,265
46560,897,263
46564,897,260
46568,897,258
46572,898,255
46576,898,253
46580,899,251
46584,899,248
46588,900,246
46592,901,244
46596,902,242
46600,903,240
46604,904,237
46608,905,235
46612,906,232
46616,907,230
46620,909,228
46624,909,226
46628,910,224
46632,910,223
46636,911,221
46640,912,220
46644,910,217
46648,909,214
46652,908,211
46656,907,208
46660,906,206
46664,905,205
46668,904,204
46672,903,203
46676,902,202
46680,901,202
46684,899,199
46688,897,196
46692,896,193
46696,894,190
46700,893,187
46704,891,186
46708,890,186
46712,888,185
46716,887,185
46720,886,185
46724,885,183
46728,884,182
46732,883,180
46736,882,179
46740,882,178
46744,882,178
46748,882,178
46752,882,178
46756,882,178
46760,882,178
46764,881,178
46768,881,178
46772,881,179
46776,881,179
46780,881,180
46784,881,180
46788,881,180
46792,881,180
46796,881,180
46800,882,180
46804,882,180
46808,882,180
46812,882,180
46816,882,180
46820,883,181
46824,883,181
46828,884,181
46832,884,182
46836,885,182
46840,886,183
46844,885,182
46848,885,182
46852,884,182
46856,884,182
46860,884,182
46864,884,183
46868,884,184
46872,885,185
46876,885,186
46880,886,187
46884,885,187
46888,885,188
46892,885,188
46896,885,189
46900,885,190
46904,884,189
46908,883,189
46912,882,189
46916,881,189
46920,881,189
46924,881,189
46928,881,190
46932,881,190
46936,881,191
46940,882,192
46944,880,191
46948,879,191
46952,877,190
46956,876,190
46960,875,190
46964,872,189
46968,870,188
46972,868,187
46976,866,186
46980,864,186
46984,860,185
46988,857,184
46992,854,183
46996,851,182
47000,848,181
47004,845,181
47008,842,181
47012,839,181
47016,836,181
47020,833,181
47024,830,180
47028,827,180
47032,825,180
47036,822,180
47040,820,180
47044,819,181
47048,819,183
47052,819,185
47056,819,187
47060,819,189
47064,818,190
47068,818,191
47072,818,192
47076,818,193
47080,818,195
