,X,Y
53120,256,1011
53124,256,1009
53128,257,1007
53132,258,1006
53136,259,1004
53140,260,1003
53144,261,992
53148,263,981
53152,264,970
53156,266,959
53160,268,948
53164,270,937
53168,272,926
53172,275,915
53176,277,904
53180,280,893
53184,284,883
53188,288,874
53192,292,864
53196,296,855
53200,300,846
53204,304,835
53208,308,825
53212,312,815
53216,316,805
53220,320,795
53224,324,787
53228,328,780
53232,333,772
53236,337,765
53240,342,758
53244,344,750
53248,346,742
53252,349,734
53256,351,726
53260,354,718
53264,356,709
53268,358,701
53272,360,693
53276,362,685
53280,364,677
53284,365,670
53288,367,663
53292,368,656
53296,370,649
53300,372,642
53304,374,635
53308,376,628
53312,378,621
53316,380,614
53320,383,608
53324,385,601
53328,388,594
53332,390,588
53336,393,581
53340,396,575
53344,398,566
53348,400,557
53352,402,549
53356,404,540
53360,407,532
53364,409,529
53368,412,526
53372,415,523
53376,418,520
53380,421,517
53384,423,509
53388,425,501
53392,428,494
53396,430,486
53400,433,479
53404,435,473
53408,437,467
53412,439,461
53416,441,455
53420,444,450
53424,446,446
53428,448,442
53432,450,438
53436,452,434
53440,455,430
53444,456,427
53448,458,424
53452,459,421
53456,461,418
53460,463,416
53464,464,412
53468,465,408
53472,466,405
53476,467,401
53480,468,398
53484,468,393
53488,469,388
53492,469,383
53496,470,378
53500,471,373
53504,470,365
53508,469,358
53512,468,350
53516,467,343
53520,466,336
53524,464,340
53528,463,345
53532,462,350
53536,461,355
53540,460,360
53544,459,360
53548,458,360
53552,457,360
53556,456,360
53560,456,360
53564,455,361
53568,454,362
53572,453,363
53576,452,364
53580,452,365
53584,452,365
53588,452,365
53592,452,365
53596,452,365
53600,452,365
53604,451,363
53608,451,361
53612,450,359
53616,450,357
53620,449,355
53624,449,353
53628,448,351
53632,448,349
53636,447,347
53640,447,345
53644,446,343
53648,446,341
53652,445,339
53656,445,337
53660,445,335
53664,444,335
53668,444,335
53672,444,335
53676,443,335
53680,443,335
53684,443,335
53688,442,335
53692,442,335
53696,442,335
53700,441,335
53704,441,335
53708,441,335
53712,440,335
53716,440,335
53720,440,335
53724,439,335
53728,439,335
53732,439,335
53736,438,335
53740,438,335
53744,438,335
53748,437,335
53752,437,335
53756,437,335
53760,436,335
53764,436,335
53768,436,335
53772,435,335
53776,435,335
53780,435,335
53784,434,335
53788,434,335
53792,434,335
53796,433,335
53800,433,335
53804,433,335
53808,432,335
53812,432,335
53816,432,336
53820,431,336
53824,431,336
53828,431,336
53832,430,336
53836,430,336
53840,430,336
53844,429,336
53848,429,336
53852,429,336
53856,428,336
53860,428,336
53864,428,336
53868,427,336
53872,427,336
53876,427,336
53880,426,336
53884,426,336
53888,426,336
53892,425,336
53896,425,336
53900,425,336
53904,424,336
53908,424,336
53912,424,336
53916,423,336
53920,423,336
53924,423,336
53928,422,336
53932,422,336
53936,422,336
53940,421,336
53944,421,336
53948,421,336
53952,420,336
53956,420,336
53960,420,336
53964,419,336
53968,419,337
53972,419,337
53976,418,337
53980,418,337
53984,418,337
53988,417,337
53992,417,337
53996,417,337
54000,416,337
54004,416,337
54008,416,337
54012,415,337
54016,415,337
54020,415,337
54024,414,337
54028,414,337
54032,414,337
54036,413,337
54040,413,337
54044,413,337
54048,412,337
54052,412,337
54056,412,337
54060,411,337
54064,411,337
54068,411,337
54072,410,337
54076,410,337
54080,410,337
54084,409,337
54088,409,337
54092,409,337
54096,408,337
54100,408,337
54104,408,337
54108,407,337
54112,407,337
54116,407,337
54120,407,338
54124,406,338
54128,406,338
54132,406,338
54136,405,338
54140,405,338
54144,405,338
54148,405,338
54152,404,338
54156,404,338
54160,404,338
54164,403,338
54168,403,338
54172,403,338
54176,403,338
54180,402,338
54184,402,338
54188,402,338
54192,402,338
54196,401,338
54200,401,338
54204,401,338
54208,400,338
54212,400,338
54216,400,338
54220,400,338
54224,399,338
54228,399,338
54232,399,338
54236,398,338
54240,398,338
54244,398,338
54248,398,338
54252,397,338
54256,397,338
54260,397,338
54264,397,338
54268,396,338
54272,396,338
54276,396,338
54280,395,338
54284,395,338
54288,395,338
54292,395,338
54296,394,338
54300,394,338
54304,394,338
54308,393,338
54312,393,338
54316,393,338
54320,393,338
54324,392,338
54328,392,338
54332,392,338
54336,392,338
54340,391,338
54344,391,338
54348,391,338
54352,390,338
54356,390,338
54360,390,338
54364,390,338
54368,389,338
54372,389,338
54376,389,338
54380,388,338
54384,388,338
54388,388,338
54392,388,338
54396,387,338
54400,387,338
54404,387,338
54408,387,338
54412,386,338
54416,386,338
54420,386,338
54424,385,338
54428,385,338
54432,385,338
54436,385,338
54440,384,338
54444,384,338
54448,384,338
54452,383,338
54456,383,338
54460,383,338
54464,383,338
54468,382,338
54472,382,338
54476,382,338
54480,382,339
54484,381,338
54488,381,338
54492,381,338
54496,381,338
54500,380,338
54504,380,338
54508,380,338
54512,380,338
54516,380,338
54520,379,338
54524,379,338
54528,379,337
54532,379,337
54536,379,337
54540,378,337
54544,378,337
54548,378,337
54552,378,337
54556,377,337
54560,377,337
54564,377,337
54568,377,337
54572,377,337
54576,376,336
54580,376,336
54584,376,336
54588,376,336
54592,376,336
54596,375,336
54600,375,336
54604,375,336
54608,375,336
54612,374,336
54616,374,336
54620,374,335
54624,374,335
54628,374,335
54632,373,335
54636,373,335
54640,373,335
54644,373,335
54648,373,335
54652,372,335
54656,372,335
54660,372,335
54664,372,335
54668,371,334
54672,371,334
54676,371,334
54680,371,334
54684,371,334
54688,370,334
54692,370,334
54696,370,334
54700,370,334
54704,370,334
54708,369,334
54712,369,333
54716,369,333
54720,369,333
54724,368,333
54728,368,333
54732,368,333
54736,368,333
54740,368,333
54744,367,333
54748,367,333
54752,367,333
54756,367,333
54760,367,332
54764,366,332
54768,366,332
54772,366,332
54776,366,332
54780,366,332
54784,365,332
54788,365,332
54792,365,332
54796,365,332
54800,364,332
54804,364,331
54808,364,331
54812,364,331
54816,364,331
54820,363,331
54824,363,331
54828,363,331
54832,363,331
54836,363,331
54840,362,331
54844,362,331
54848,362,331
54852,362,330
54856,361,330
54860,361,330
54864,361,330
54868,361,330
54872,361,330
54876,360,330
54880,360,330
54884,360,330
54888,360,330
54892,360,330
54896,359,329
54900,359,329
54904,359,329
54908,359,329
54912,358,329
54916,358,329
54920,358,329
54924,358,329
54928,358,329
54932,357,329
54936,357,329
54940,357,329
54944,357,328
54948,357,328
54952,356,328
54956,356,328
54960,356,328
54964,356,328
54968,355,328
54972,355,328
54976,355,328
54980,355,328
54984,355,328
54988,354,327
54992,354,327
54996,354,327
55000,354,327
55004,354,327
55008,353,327
55012,353,327
55016,353,327
55020,353,327
55024,352,327
55028,352,327
55032,352,327
55036,352,326
55040,352,326
55044,351,326
55048,351,326
55052,351,326
55056,351,326
55060,351,326
55064,350,326
55068,350,326
55072,350,326
55076,350,326
55080,350,326
55084,350,326
55088,350,326
55092,351,326
55096,351,326
55100,351,326
55104,352,326
55108,352,326
55112,352,327
55116,353,327
55120,353,327
55124,353,327
55128,354,327
55132,354,327
55136,354,327
55140,355,328
55144,355,328
55148,356,328
55152,356,328
55156,356,328
55160,357,328
55164,357,328
55168,357,329
55172,358,329
55176,358,329
55180,358,329
55184,359,329
55188,359,329
55192,359,329
55196,360,330
55200,360,330
55204,361,330
55208,361,330
55212,361,330
55216,362,330
55220,362,330
55224,362,331
55228,363,331
55232,363,331
55236,363,331
55240,364,331
55244,364,331
55248,364,331
55252,365,332
55256,365,332
55260,366,332
55264,366,332
55268,366,332
55272,367,332
55276,367,332
55280,367,333
55284,368,333
55288,368,333
55292,368,333
55296,369,333
55300,369,333
55304,369,333
55308,370,334
55312,370,334
55316,370,334
55320,371,334
55324,371,334
55328,372,334
55332,372,334
55336,372,335
55340,373,335
55344,373,335
55348,373,335
55352,374,335
55356,374,335
55360,374,335
55364,375,335
55368,375,336
55372,375,336
55376,376,336
55380,376,336
55384,377,336
55388,377,336
55392,377,336
55396,378,337
55400,378,337
55404,378,337
55408,379,337
55412,379,337
55416,379,337
55420,380,337
55424,380,338
55428,380,338
55432,381,338
55436,381,338
55440,382,338
55444,382,338
55448,382,338
55452,383,339
55456,383,339
55460,383,339
55464,384,339
55468,384,339
55472,384,339
55476,385,339
55480,385,340
55484,385,340
55488,386,340
55492,386,340
55496,386,340
55500,387,340
55504,387,340
55508,388,341
55512,388,341
55516,388,341
55520,389,341
55524,389,341
55528,389,341
55532,390,341
55536,390,342
55540,390,342
55544,391,342
55548,391,342
55552,391,342
55556,392,342
55560,392,342
55564,393,343
55568,393,343
55572,393,343
55576,394,343
55580,394,343
55584,394,343
55588,395,343
55592,395,344
55596,395,344
55600,396,344
55604,396,344
55608,396,344
55612,397,344
55616,397,344
55620,398,345
55624,401,345
55628,404,345
55632,407,346
55636,410,346
55640,414,347
55644,417,348
55648,420,349
55652,423,350
55656,426,351
55660,430,352
55664,435,353
55668,440,354
55672,445,355
55676,450,356
55680,456,357
55684,462,358
55688,468,359
55692,475,361
55696,481,362
55700,488,364
55704,490,365
55708,492,367
55712,494,368
55716,496,370
55720,499,372
55724,504,371
55728,509,371
55732,514,371
55736,519,371
55740,525,371
55744,531,368
55748,538,366
55752,544,364
55756,551,362
55760,558,360
55764,564,358
55768,571,356
55772,577,354
55776,584,352
55780,591,350
55784,596,348
55788,601,346
55792,606,344
55796,611,342
55800,617,340
55804,620,336
55808,624,333
55812,627,329
55816,631,326
55820,635,323
55824,638,324
55828,641,325
55832,644,326
55836,647,327
55840,650,329
55844,655,327
55848,661,326
55852,666,325
55856,672,324
55860,678,323
55864,683,322
55868,689,322
55872,694,322
55876,700,322
55880,706,322
55884,711,320
55888,717,319
55892,723,318
55896,729,317
55900,735,316
55904,739,311
55908,743,307
55912,747,302
55916,751,298
55920,756,294
55924,761,292
55928,767,291
55932,773,290
55936,779,289
55940,785,288
55944,789,287
55948,793,286
55952,798,285
55956,802,284
55960,807,283
55964,811,282
55968,815,281
55972,820,280
55976,824,279
55980,829,278
55984,828,276
55988,827,274
55992,826,272
55996,825,270
56000,825,269
56004,820,268
56008,815,267
56012,810,266
56016,805,265
56020,801,265
56024,796,263
56028,792,261
56032,788,259
56036,784,257
56040,780,255
56044,773,253
56048,766,251
56052,759,250
56056,752,248
56060,745,247
56064,740,245
56068,736,243
56072,732,241
56076,728,239
56080,724,237
56084,719,234
56088,714,232
56092,710,230
56096,705,228
56100,701,226
56104,695,225
56108,690,224
56112,684,224
56116,679,223
56120,674,223
56124,668,220
56128,663,217
56132,658,215
56136,653,212
56140,648,210
56144,645,206
56148,643,203
56152,640,200
56156,638,197
56160,636,194
56164,632,192
56168,629,191
56172,625,189
56176,622,188
56180,619,187
56184,615,184
56188,611,182
56192,608,179
56196,604,177
56200,601,175
56204,601,172
56208,602,169
56212,602,167
56216,603,164
56220,604,162
56224,602,159
56228,600,157
56232,599,155
56236,597,153
56240,596,151
56244,596,148
56248,597,146
56252,597,144
56256,598,142
56260,599,140
56264,597,136
56268,595,133
56272,593,130
56276,591,127
56280,589,124
56284,588,122
56288,588,121
56292,587,119
56296,587,118
56300,587,117
56304,587,115
56308,587,114
56312,588,113
56316,588,112
56320,589,111
56324,589,108
56328,590,105
56332,591,103
56336,592,100
56340,593,98
56344,593,94
56348,593,91
56352,594,88
56356,594,85
56360,595,82
56364,594,81
56368,594,81
56372,594,80
56376,594,80
56380,594,80
56384,594,76
56388,594,73
56392,594,70
56396,594,67
56400,595,64
56404,597,60
56408,599,57
56412,601,53
56416,603,50
56420,606,47
56424,606,43
56428,607,39
56432,608,35
56436,609,31
56440,610,28
