,X,Y
53480,1161,88
53484,1161,89
53488,1162,90
53492,1162,92
53496,1163,93
53500,1164,95
53504,1164,97
53508,1164,100
53512,1164,103
53516,1164,106
53520,1164,109
53524,1163,112
53528,1163,116
53532,1163,119
53536,1163,123
53540,1163,127
53544,1162,129
53548,1162,132
53552,1162,135
53556,1162,138
53560,1162,141
53564,1162,140
53568,1162,140
53572,1162,140
53576,1162,140
53580,1163,140
53584,1163,142
53588,1164,145
53592,1164,148
53596,1165,151
53600,1166,154
53604,1167,154
53608,1169,155
53612,1170,155
53616,1172,156
53620,1174,157
53624,1174,158
53628,1174,160
53632,1174,161
53636,1174,163
53640,1174,165
53644,1175,167
53648,1176,170
53652,1178,172
53656,1179,175
53660,1181,178
53664,1181,181
53668,1181,184
53672,1181,187
53676,1181,190
53680,1181,194
53684,1179,195
53688,1177,196
53692,1176,198
53696,1174,199
53700,1173,201
53704,1171,202
53708,1169,204
53712,1167,205
53716,1165,207
53720,1164,209
53724,1163,210
53728,1163,212
53732,1163,213
53736,1163,215
53740,1163,217
53744,1162,219
53748,1161,221
53752,1160,223
53756,1159,225
53760,1159,227
53764,1156,227
53768,1153,227
53772,1150,227
53776,1147,227
53780,1145,228
53784,1140,230
53788,1136,232
53792,1131,234
53796,1127,236
53800,1123,238
53804,1122,240
53808,1121,243
53812,1120,245
53816,1119,248
53820,1118,251
53824,1113,252
53828,1109,253
53832,1105,255
53836,1101,256
53840,1097,258
53844,1092,261
53848,1087,264
53852,1083,267
53856,1078,270
53860,1074,274
53864,1069,274
53868,1065,274
53872,1061,275
53876,1057,275
53880,1053,276
53884,1049,278
53888,1046,281
53892,1042,283
53896,1039,286
53900,1036,289
53904,1031,289
53908,1026,289
53912,1022,289
53916,1017,289
53920,1013,289
53924,1008,293
53928,1003,297
53932,999,301
53936,994,305
53940,990,310
53944,985,311
53948,980,313
53952,975,314
53956,970,316
53960,965,318
53964,962,319
53968,959,320
53972,956,321
53976,953,322
53980,950,323
53984,945,325
53988,940,328
53992,936,330
53996,931,333
54000,927,336
54004,922,337
54008,917,339
54012,913,340
54016,908,342
54020,904,344
54024,900,346
54028,896,348
54032,892,350
54036,888,352
54040,885,354
54044,879,356
54048,874,359
54052,868,361
54056,863,364
54060,858,367
54064,852,369
54068,847,371
54072,841,373
54076,836,375
54080,831,378
54084,827,380
54088,823,383
54092,819,386
54096,815,389
54100,811,392
54104,807,394
54108,804,397
54112,801,399
54116,798,402
54120,795,405
54124,789,407
54128,784,410
54132,779,413
54136,774,416
54140,769,419
54144,764,422
54148,760,425
54152,756,428
54156,752,431
54160,748,434
54164,741,437
54168,734,440
54172,727,444
54176,720,447
54180,714,451
54184,711,453
54188,708,456
54192,705,458
54196,702,461
54200,699,464
54204,695,467
54208,691,470
54212,687,474
54216,683,477
54220,680,481
54224,674,483
54228,669,485
54232,664,487
54236,659,489
54240,654,492
54244,649,495
54248,644,499
54252,639,503
54256,634,507
54260,630,511
54264,626,514
54268,623,517
54272,620,520
54276,617,523
54280,614,526
54284,609,529
54288,604,533
54292,599,536
54296,594,540
54300,589,544
54304,583,547
54308,578,551
54312,573,554
54316,568,558
54320,563,562
54324,558,565
54328,553,568
54332,549,572
54336,544,575
54340,540,579
54344,535,583
54348,530,587
54352,525,591
54356,520,595
54360,515,600
54364,506,603
54368,498,606
54372,489,609
54376,481,612
54380,473,615
54384,469,619
54388,465,623
54392,462,627
54396,458,631
54400,455,635
54404,450,639
54408,446,643
54412,442,648
54416,438,652
54420,434,657
54424,425,661
54428,417,665
54432,409,669
54436,401,673
54440,393,677
54444,387,682
54448,381,687
54452,376,692
54456,370,697
54460,365,702
54464,357,704
54468,349,707
54472,342,709
54476,334,712
54480,327,715
54484,320,718
54488,313,722
54492,306,725
54496,299,729
54500,292,733
54504,284,737
54508,276,742
54512,268,746
54516,260,751
54520,253,756
54524,244,758
54528,235,760
54532,227,763
54536,218,765
54540,210,768
54544,203,771
54548,197,774
54552,190,777
54556,184,780
54560,178,784
54564,170,786
54568,163,789
54572,155,791
54576,148,794
54580,141,797
54584,137,799
54588,134,801
54592,130,804
54596,127,806
54600,124,809
54604,120,810
54608,117,812
54612,114,813
54616,111,815
54620,108,817
54624,106,816
54628,104,816
54632,102,816
54636,100,816
54640,99,816
54644,99,816
54648,99,816
54652,99,816
54656,99,816
54660,99,816
54664,99,816
54668,99,816
54672,99,816
54676,99,816
54680,99,816
54684,99,816
54688,99,816
54692,99,816
54696,99,816
54700,99,816
54704,99,816
54708,99,816
54712,99,816
54716,99,816
54720,99,816
54724,99,816
54728,99,816
54732,99,816
54736,99,816
54740,99,816
54744,99,816
54748,99,816
54752,99,816
54756,99,816
54760,99,816
54764,99,816
54768,99,816
54772,99,816
54776,99,816
54780,99,816
54784,99,816
54788,99,816
54792,99,816
54796,99,816
54800,99,816
54804,99,816
54808,99,816
54812,99,816
54816,99,816
54820,99,816
54824,99,816
54828,99,816
54832,99,816
54836,99,816
54840,99,816
54844,99,816
54848,99,816
54852,99,816
54856,99,816
54860,99,816
54864,99,816
54868,99,816
54872,99,816
54876,99,816
54880,99,816
54884,99,816
54888,99,816
54892,99,816
54896,99,816
54900,99,816
54904,99,816
54908,99,816
54912,99,816
54916,99,816
54920,99,816
54924,99,816
54928,99,816
54932,99,816
54936,99,816
54940,99,816
54944,99,816
54948,99,816
54952,99,816
54956,99,816
54960,99,816
54964,99,816
54968,99,816
54972,99,816
54976,99,816
54980,99,816
54984,99,816
54988,99,816
54992,99,816
54996,99,816
55000,99,816
55004,99,816
55008,99,816
55012,99,816
55016,99,816
55020,99,816
55024,99,816
55028,99,816
55032,99,816
55036,99,816
55040,99,816
55044,99,816
55048,99,816
55052,99,816
55056,99,816
55060,99,816
55064,99,816
55068,99,816
55072,99,816
55076,99,816
55080,99,816
55084,99,816
55088,99,816
55092,99,816
55096,99,816
55100,99,816
55104,99,816
55108,99,816
55112,99,816
55116,99,816
55120,99,816
55124,99,816
55128,99,816
55132,99,816
55136,99,816
55140,99,816
55144,99,816
55148,99,816
55152,99,816
55156,99,816
55160,99,816
55164,99,816
55168,99,816
55172,99,816
55176,99,816
55180,99,816
55184,99,816
55188,99,816
55192,99,816
55196,99,816
55200,100,816
55204,100,816
55208,100,816
55212,100,816
55216,100,816
55220,100,816
55224,100,816
55228,100,816
55232,100,816
55236,100,816
55240,100,816
55244,100,816
55248,100,816
55252,100,816
55256,100,816
55260,100,816
55264,100,816
55268,100,816
55272,100,816
55276,100,816
55280,100,816
55284,100,816
55288,100,816
55292,100,816
55296,100,816
55300,100,816
55304,100,816
55308,100,816
55312,100,816
55316,100,816
55320,100,816
55324,100,816
55328,100,816
55332,100,816
55336,100,816
55340,100,816
55344,100,816
55348,100,816
55352,100,816
55356,100,816
55360,100,816
55364,100,816
55368,100,816
55372,100,816
55376,100,816
55380,100,816
55384,100,816
55388,100,816
55392,100,816
55396,100,816
55400,100,816
55404,100,816
55408,100,816
55412,100,816
55416,100,816
55420,100,816
55424,100,816
55428,100,816
55432,100,816
55436,100,816
55440,100,816
55444,100,816
55448,100,816
55452,100,816
55456,100,816
55460,100,816
55464,100,816
55468,100,816
55472,100,816
55476,100,816
55480,100,816
55484,100,816
55488,100,816
55492,100,816
55496,100,816
55500,100,816
55504,100,816
55508,100,816
55512,100,816
55516,100,816
55520,100,816
55524,100,816
55528,100,816
55532,100,816
55536,100,816
55540,100,816
55544,100,816
55548,100,816
55552,100,816
55556,100,816
55560,100,816
55564,100,816
55568,100,816
55572,100,816
55576,100,816
55580,100,816
55584,100,816
55588,100,816
55592,100,816
55596,100,816
55600,100,816
55604,100,816
55608,100,816
55612,100,816
55616,100,816
55620,100,816
55624,100,816
55628,100,816
55632,100,816
55636,100,816
55640,100,816
55644,100,816
55648,100,816
55652,100,816
55656,100,816
55660,100,816
55664,100,816
55668,100,816
55672,100,816
55676,100,816
55680,100,816
55684,100,816
55688,100,816
55692,100,816
55696,100,816
55700,100,816
55704,100,816
55708,100,816
55712,100,816
55716,100,816
55720,100,816
55724,100,816
55728,100,816
55732,100,816
55736,100,816
55740,100,816
55744,100,816
55748,100,816
55752,100,816
55756,101,816
55760,101,816
55764,101,816
55768,101,816
55772,101,816
55776,101,816
55780,101,816
55784,101,816
55788,101,816
55792,101,816
55796,101,816
55800,101,816
55804,101,816
55808,101,816
55812,101,816
55816,101,816
55820,101,816
55824,101,816
55828,101,816
55832,101,816
55836,101,816
55840,101,816
55844,101,816
55848,101,816
55852,101,816
55856,101,816
55860,101,816
55864,101,816
55868,101,816
55872,101,816
55876,101,816
55880,101,816
55884,101,816
55888,101,816
55892,101,816
55896,101,816
55900,101,816
55904,101,816
55908,101,816
55912,101,816
55916,101,816
55920,101,816
55924,101,816
55928,101,816
55932,101,816
55936,101,816
55940,101,816
55944,101,816
55948,101,816
55952,101,816
55956,101,816
55960,101,816
55964,101,816
55968,101,816
55972,101,816
55976,101,816
55980,101,816
55984,101,816
55988,101,816
55992,101,816
55996,101,816
56000,101,816
56004,101,816
56008,101,816
56012,101,816
56016,101,816
56020,101,816
56024,101,816
56028,101,816
56032,101,816
56036,101,816
56040,101,816
56044,101,816
56048,101,816
56052,101,816
56056,101,816
56060,101,816
56064,101,816
56068,101,816
56072,101,816
56076,101,816
56080,101,816
56084,101,816
56088,101,816
56092,101,816
56096,101,816
56100,101,816
56104,101,816
56108,101,816
56112,101,816
56116,101,816
56120,101,816
56124,101,816
56128,101,816
56132,101,816
56136,101,816
56140,101,816
56144,101,816
56148,101,816
56152,101,816
56156,101,816
56160,101,816
56164,101,816
56168,101,816
56172,101,816
56176,101,816
56180,101,816
56184,101,816
56188,101,816
56192,101,816
56196,101,816
56200,101,816
56204,101,816
56208,101,816
56212,101,816
56216,101,816
56220,101,816
56224,101,816
56228,101,816
56232,101,816
56236,101,816
56240,101,816
56244,101,816
56248,101,816
56252,101,816
56256,101,816
56260,101,816
56264,101,816
56268,101,816
56272,101,816
56276,101,816
56280,101,816
56284,101,816
56288,101,816
56292,101,816
56296,101,816
56300,101,816
56304,101,816
56308,101,816
56312,102,817
56316,102,817
56320,102,817
56324,102,817
56328,102,817
56332,102,817
56336,102,817
56340,102,817
56344,102,817
56348,102,817
56352,102,817
56356,102,817
56360,102,817
56364,102,817
56368,102,817
56372,102,817
56376,102,817
56380,102,817
56384,102,817
56388,102,817
56392,102,817
56396,102,817
56400,102,817
56404,102,817
56408,102,817
56412,102,817
56416,102,817
56420,102,817
56424,102,817
56428,102,817
56432,102,817
56436,102,817
56440,102,817
56444,102,817
56448,102,817
56452,102,817
56456,102,817
56460,102,817
56464,102,817
56468,102,817
56472,102,817
56476,102,817
56480,102,817
56484,102,817
56488,102,817
56492,102,817
56496,102,817
56500,102,817
56504,102,817
56508,102,817
56512,102,817
56516,102,817
56520,102,817
56524,102,817
56528,102,817
56532,102,817
56536,102,817
56540,102,817
56544,102,817
56548,102,817
56552,102,817
56556,102,817
56560,102,817
56564,102,817
56568,102,817
56572,102,817
56576,102,817
56580,102,817
56584,102,817
56588,102,817
56592,102,817
56596,102,817
56600,102,817
56604,102,817
56608,102,817
56612,102,817
56616,102,817
56620,102,817
56624,102,817
56628,102,817
56632,102,817
56636,102,817
56640,102,817
56644,102,817
56648,102,817
56652,102,817
56656,102,817
56660,102,817
56664,102,817
56668,102,817
56672,102,817
56676,102,817
56680,102,817
56684,102,817
56688,102,817
56692,102,817
56696,102,817
56700,102,817
56704,102,817
56708,102,817
56712,102,817
56716,102,817
56720,102,817
56724,102,817
56728,102,817
56732,102,817
56736,102,817
56740,102,817
56744,102,817
56748,102,817
56752,102,817
56756,102,817
56760,102,817
56764,102,817
56768,102,817
56772,102,817
56776,102,817
56780,102,817
56784,102,817
56788,102,817
56792,102,817
56796,102,817
56800,102,817
56804,102,817
56808,102,817
56812,102,817
56816,102,817
56820,102,817
56824,102,817
56828,102,817
56832,102,817
56836,102,817
56840,102,817
56844,102,817
56848,102,817
56852,102,817
56856,102,817
56860,102,817
56864,102,817
56868,103,817
56872,103,817
56876,103,817
56880,103,817
56884,103,817
56888,103,817
56892,103,817
56896,103,817
56900,103,817
56904,103,817
56908,103,817
56912,103,817
56916,103,817
56920,103,817
56924,103,817
56928,103,817
56932,103,817
56936,103,817
56940,103,817
56944,103,817
56948,103,817
56952,103,817
56956,103,817
56960,103,817
56964,103,817
56968,103,817
56972,103,817
56976,103,817
56980,103,817
56984,103,817
56988,103,817
56992,103,817
56996,103,817
57000,103,817
57004,103,817
57008,103,817
57012,103,817
57016,103,817
57020,103,817
57024,103,817
57028,103,817
57032,103,817
57036,103,817
57040,103,817
57044,103,817
57048,103,817
57052,103,817
57056,103,817
57060,103,817
57064,103,817
57068,103,817
57072,103,817
57076,103,817
57080,103,817
57084,103,817
57088,103,817
57092,103,817
57096,103,817
57100,103,817
57104,103,817
57108,103,817
57112,103,817
57116,103,817
57120,103,817
57124,103,817
57128,103,817
57132,103,817
57136,103,817
57140,103,817
57144,103,817
57148,103,817
57152,103,817
57156,103,817
57160,103,817
57164,103,817
57168,103,817
57172,103,817
57176,103,817
57180,103,817
57184,103,817
57188,103,817
57192,103,817
57196,103,817
57200,103,817
57204,103,817
57208,103,817
57212,103,817
57216,103,817
57220,103,817
57224,103,817
57228,103,817
57232,103,817
57236,103,817
57240,103,817
57244,103,817
57248,103,817
57252,103,817
57256,103,817
57260,103,817
57264,103,817
57268,103,817
57272,103,817
57276,103,817
57280,103,817
57284,103,817
57288,103,817
57292,103,817
57296,103,817
57300,103,817
57304,103,817
57308,103,817
57312,103,817
57316,103,817
57320,103,817
57324,103,817
57328,103,817
57332,103,817
57336,103,817
57340,103,817
57344,103,817
57348,103,817
57352,103,817
57356,103,817
57360,103,817
57364,103,817
57368,103,817
57372,103,817
57376,103,817
57380,103,817
57384,103,817
57388,103,817
57392,103,817
57396,103,817
57400,103,817
57404,103,817
57408,103,817
57412,103,817
57416,103,817
57420,103,817
57424,104,817
57428,104,817
57432,104,817
57436,104,817
57440,104,817
57444,104,817
57448,104,817
57452,104,817
57456,104,817
57460,104,817
57464,104,817
57468,104,817
57472,104,817
57476,104,817
57480,104,817
57484,104,817
57488,104,817
57492,104,817
57496,104,817
57500,104,817
57504,104,817
57508,104,817
57512,104,817
57516,104,817
57520,104,817
57524,104,817
57528,104,817
57532,104,817
57536,104,817
57540,104,817
57544,104,817
57548,104,817
57552,104,817
57556,104,817
57560,104,817
57564,104,817
57568,104,817
57572,104,817
57576,104,817
57580,104,817
57584,104,817
57588,104,817
57592,104,817
57596,104,817
57600,104,817
57604,104,817
57608,104,817
57612,104,817
57616,104,817
57620,104,817
57624,104,817
57628,104,817
57632,104,817
57636,104,817
57640,104,817
57644,104,817
57648,104,817
57652,104,817
57656,104,817
57660,104,817
57664,104,817
57668,104,817
57672,104,817
57676,104,817
57680,104,817
57684,104,817
57688,104,817
57692,104,817
57696,104,817
57700,104,817
57704,104,817
57708,104,817
57712,104,817
57716,104,817
57720,104,817
57724,104,817
57728,104,817
57732,104,817
57736,104,817
57740,104,817
57744,104,817
57748,104,817
57752,104,817
57756,104,817
57760,104,817
57764,104,817
57768,104,817
57772,104,817
57776,104,817
57780,104,817
57784,104,817
57788,104,817
57792,104,817
57796,104,817
57800,104,817
57804,104,817
57808,104,817
57812,104,817
57816,104,817
57820,104,817
57824,104,817
57828,104,817
57832,104,817
57836,104,817
57840,104,817
57844,104,817
57848,104,817
57852,104,817
57856,104,817
57860,104,817
57864,104,817
57868,104,817
57872,104,817
57876,104,817
57880,104,817
57884,104,817
57888,104,817
57892,104,817
57896,104,817
57900,104,817
57904,104,817
57908,104,817
57912,104,817
57916,104,817
57920,104,817
57924,104,817
57928,104,817
57932,104,817
57936,104,817
57940,104,817
57944,104,817
57948,104,817
57952,104,817
57956,104,817
57960,104,817
57964,104,817
57968,104,817
57972,104,817
57976,104,817
57980,105,818
57984,105,818
57988,105,818
57992,105,818
57996,105,818
58000,105,818
58004,105,818
58008,105,818
58012,105,818
58016,105,818
58020,105,818
58024,105,818
58028,105,818
58032,105,818
58036,105,818
58040,105,818
58044,105,818
58048,105,818
58052,105,818
58056,105,818
58060,105,818
58064,105,818
58068,105,818
58072,105,818
58076,105,818
58080,105,818
58084,105,818
58088,105,818
58092,105,818
58096,105,818
58100,105,818
58104,105,818
58108,105,818
58112,105,818
58116,105,818
58120,105,818
58124,105,818
58128,105,818
58132,105,818
58136,105,818
58140,105,818
58144,105,818
58148,105,818
58152,105,818
58156,105,818
58160,105,818
58164,105,818
58168,105,818
58172,105,818
58176,105,818
58180,105,818
58184,105,818
58188,105,818
58192,105,818
58196,105,818
58200,105,818
58204,105,818
58208,105,818
58212,105,818
58216,105,818
58220,105,818
58224,105,818
58228,105,818
58232,105,818
58236,105,818
58240,105,818
58244,105,818
58248,105,818
58252,105,818
58256,105,818
58260,105,818
58264,105,818
58268,105,818
58272,105,818
58276,105,818
58280,105,818
58284,105,818
58288,105,818
58292,105,818
58296,105,818
58300,105,818
58304,105,818
58308,105,818
58312,105,818
58316,105,818
58320,105,818
58324,105,818
58328,105,818
58332,105,818
58336,105,818
58340,105,818
58344,105,818
58348,105,818
58352,105,818
58356,105,818
58360,105,818
58364,105,818
58368,105,818
58372,105,818
58376,105,818
58380,105,818
58384,105,818
58388,105,818
58392,105,818
58396,105,818
58400,105,818
58404,105,818
58408,105,818
58412,105,818
58416,105,818
58420,105,818
58424,105,818
58428,105,818
58432,105,818
58436,105,818
58440,105,818
58444,105,818
58448,105,818
58452,105,818
58456,105,818
58460,105,818
58464,105,818
58468,105,818
58472,105,818
58476,105,818
58480,105,818
58484,105,818
58488,105,818
58492,105,818
58496,105,818
58500,105,818
58504,105,818
58508,105,818
58512,105,818
58516,105,818
58520,105,818
58524,105,818
58528,105,818
58532,105,818
58536,105,818
58540,106,818
58544,106,818
58548,106,818
58552,106,818
58556,106,818
58560,106,818
58564,106,818
58568,106,818
58572,106,818
58576,106,818
58580,106,818
58584,106,818
58588,106,818
58592,106,818
58596,106,818
58600,106,818
58604,106,818
58608,106,818
58612,106,818
58616,106,818
58620,106,818
58624,106,818
58628,106,818
58632,106,818
58636,106,818
58640,106,818
58644,106,818
58648,106,818
58652,106,818
58656,106,818
58660,106,818
58664,106,818
58668,106,818
58672,106,818
58676,106,818
58680,106,818
58684,106,818
58688,106,818
58692,106,818
58696,106,818
58700,106,818
58704,106,818
58708,106,818
58712,106,818
58716,106,818
58720,106,818
58724,106,818
58728,106,818
58732,106,818
58736,106,818
58740,106,818
58744,106,818
58748,106,818
58752,106,818
58756,106,818
58760,106,818
58764,106,818
58768,106,818
58772,106,818
58776,106,818
58780,106,818
58784,106,818
58788,106,818
58792,106,818
58796,106,818
58800,106,818
58804,106,818
58808,106,818
58812,106,818
58816,106,818
58820,106,818
58824,106,818
58828,106,818
58832,106,818
58836,106,818
58840,106,818
58844,106,818
58848,106,818
58852,106,818
58856,106,818
58860,106,818
58864,106,818
58868,106,818
58872,106,818
58876,106,818
58880,106,818
58884,106,818
58888,106,818
58892,106,818
58896,106,818
58900,106,818
58904,106,818
58908,106,818
58912,106,818
58916,106,818
58920,106,818
58924,106,818
58928,106,818
58932,106,818
58936,106,818
58940,106,818
58944,106,818
58948,106,818
58952,106,818
58956,106,818
58960,106,818
58964,106,818
58968,106,818
58972,106,818
58976,106,818
58980,106,818
58984,106,818
58988,106,818
58992,106,818
58996,106,818
59000,106,818
59004,106,818
59008,106,818
59012,106,818
59016,106,818
59020,106,818
59024,106,818
59028,106,818
59032,106,818
59036,106,818
59040,106,818
59044,106,818
59048,106,818
59052,106,818
59056,106,818
59060,106,818
59064,106,818
59068,106,818
59072,106,818
59076,106,818
59080,106,818
59084,106,818
59088,106,818
59092,106,818
59096,107,818
59100,107,818
59104,107,818
59108,107,818
59112,107,818
59116,107,818
59120,107,818
59124,107,818
59128,107,818
59132,107,818
59136,107,818
59140,107,818
59144,107,818
59148,107,818
59152,107,818
59156,107,818
59160,107,818
59164,107,818
59168,107,818
59172,107,818
59176,107,818
59180,107,818
59184,107,818
59188,107,818
59192,107,818
59196,107,818
59200,107,818
59204,107,818
59208,107,818
59212,107,818
59216,107,818
59220,107,818
59224,107,818
59228,107,818
59232,107,818
59236,107,818
59240,107,818
59244,107,818
59248,107,818
59252,107,818
59256,107,818
59260,107,818
59264,107,818
59268,107,818
59272,107,818
59276,107,818
59280,107,818
59284,107,818
59288,107,818
59292,107,818
59296,107,818
59300,107,818
59304,107,818
59308,107,818
59312,107,818
59316,107,818
59320,107,818
59324,107,818
59328,107,818
59332,107,818
59336,107,818
59340,107,818
59344,107,818
59348,107,818
59352,107,818
59356,107,818
59360,107,818
59364,107,818
59368,107,818
59372,107,818
59376,107,818
59380,107,818
59384,107,818
59388,107,818
59392,107,818
59396,107,818
59400,107,818
59404,107,818
59408,107,818
59412,107,818
59416,107,818
59420,107,818
59424,107,818
59428,107,818
59432,107,818
59436,107,818
59440,107,818
59444,107,818
59448,107,818
59452,107,818
59456,107,818
59460,107,818
59464,107,818
59468,107,818
59472,107,818
59476,107,818
59480,107,818
59484,107,818
59488,107,818
59492,107,818
59496,107,818
59500,107,818
59504,107,818
59508,107,818
59512,107,818
59516,107,818
59520,107,818
59524,107,818
59528,107,818
59532,107,818
59536,107,818
59540,107,818
59544,107,818
59548,107,818
59552,107,818
59556,107,818
59560,107,818
59564,107,818
59568,107,818
59572,107,818
59576,107,818
59580,107,818
59584,107,818
59588,107,818
59592,107,818
59596,107,818
59600,107,818
59604,107,818
59608,107,818
59612,107,818
59616,107,818
59620,107,818
59624,107,818
59628,107,818
59632,107,818
59636,107,818
59640,107,818
59644,107,818
59648,107,818
59652,108,819
59656,108,819
59660,108,819
59664,108,819
59668,108,819
59672,108,819
59676,108,819
59680,108,819
59684,108,819
59688,108,819
59692,108,819
59696,108,819
59700,108,819
59704,108,819
59708,108,819
59712,108,819
59716,108,819
59720,108,819
59724,108,819
59728,108,819
59732,108,819
59736,108,819
59740,108,819
59744,108,819
59748,108,819
59752,108,819
59756,108,819
59760,108,819
59764,108,819
59768,108,819
59772,108,819
59776,108,819
59780,108,819
59784,108,819
59788,108,819
59792,108,819
59796,108,819
59800,108,819
59804,108,819
59808,108,819
59812,108,819
59816,108,819
59820,108,819
59824,108,819
59828,108,819
59832,108,819
59836,108,819
59840,108,819
59844,108,819
59848,108,819
59852,108,819
59856,108,819
59860,108,819
59864,108,819
59868,108,819
59872,108,819
59876,108,819
59880,108,819
59884,108,819
59888,108,819
59892,108,819
59896,108,819
59900,108,819
59904,108,819
59908,108,819
59912,108,819
59916,108,819
59920,108,819
59924,108,819
59928,108,819
59932,108,819
59936,108,819
59940,108,819
59944,108,819
59948,108,819
59952,108,819
59956,108,819
59960,108,819
59964,108,819
59968,108,819
59972,108,819
59976,108,819
59980,108,819
59984,108,819
59988,108,819
59992,108,819
59996,108,819
60000,108,819
60004,108,819
60008,108,819
60012,108,819
60016,108,819
60020,108,819
60024,108,819
60028,108,819
60032,108,819
60036,108,819
60040,108,819
60044,108,819
60048,108,819
60052,108,819
60056,108,819
60060,108,819
60064,108,819
60068,108,819
60072,108,819
60076,108,819
60080,108,819
60084,108,819
60088,108,819
60092,108,819
60096,108,819
60100,108,819
60104,108,819
60108,108,819
60112,108,819
60116,108,819
60120,108,819
60124,108,819
60128,108,819
60132,108,819
60136,108,819
60140,108,819
60144,108,819
60148,108,819
60152,108,819
60156,108,819
60160,108,819
60164,108,819
60168,108,819
60172,108,819
60176,108,819
60180,108,819
60184,108,819
60188,108,819
60192,108,819
60196,108,819
60200,108,819
60204,108,819
60208,109,819
60212,109,819
60216,109,819
60220,109,819
60224,109,819
60228,109,819
60232,109,819
60236,109,819
60240,109,819
60244,109,819
60248,109,819
60252,109,819
60256,109,819
60260,109,819
60264,109,819
60268,109,819
60272,109,819
60276,109,819
60280,109,819
60284,109,819
60288,109,819
60292,109,819
60296,109,819
60300,109,819
60304,109,819
60308,109,819
60312,109,819
60316,109,819
60320,109,819
60324,109,819
60328,109,819
60332,109,819
60336,109,819
60340,109,819
60344,109,819
60348,109,819
60352,109,819
60356,109,819
60360,109,819
60364,109,819
60368,109,819
60372,109,819
60376,109,819
60380,109,819
60384,109,819
60388,109,819
60392,109,819
60396,109,819
60400,109,819
60404,109,819
60408,109,819
60412,109,819
60416,109,819
60420,109,819
60424,109,819
60428,109,819
60432,109,819
60436,109,819
60440,109,819
60444,109,819
60448,109,819
60452,109,819
60456,109,819
60460,109,819
60464,109,819
60468,109,819
60472,109,819
60476,109,819
60480,109,819
60484,109,819
60488,109,819
60492,109,819
60496,109,819
60500,109,819
60504,109,819
60508,109,819
60512,109,819
60516,109,819
60520,109,819
60524,109,819
60528,109,819
60532,109,819
60536,109,819
60540,109,819
60544,109,819
60548,109,819
60552,109,819
60556,109,819
60560,109,819
60564,109,819
60568,109,819
60572,109,819
60576,109,819
60580,109,819
60584,109,819
60588,109,819
60592,109,819
60596,109,819
60600,109,819
60604,109,819
60608,109,819
60612,109,819
60616,109,819
60620,109,819
60624,109,819
60628,109,819
60632,109,819
60636,109,819
60640,109,819
60644,109,819
60648,109,819
60652,109,819
60656,109,819
60660,109,819
60664,109,819
60668,109,819
60672,109,819
60676,109,819
60680,109,819
60684,109,819
60688,109,819
60692,109,819
60696,109,819
60700,109,819
60704,109,819
60708,109,819
60712,109,819
60716,109,819
60720,109,819
60724,109,819
60728,109,819
60732,109,819
60736,109,819
60740,109,819
60744,109,819
60748,109,819
60752,109,819
60756,109,819
60760,109,819
60764,110,819
60768,110,819
60772,110,819
60776,110,819
60780,110,819
60784,110,819
60788,110,819
60792,110,819
60796,110,819
60800,110,819
60804,110,819
60808,110,819
60812,110,819
60816,110,819
60820,110,819
60824,110,819
60828,110,819
60832,110,819
60836,110,819
60840,110,819
60844,110,819
60848,110,819
60852,110,819
60856,110,819
60860,110,819
60864,110,819
60868,110,819
60872,110,819
60876,110,819
60880,110,819
60884,110,819
60888,110,819
60892,110,819
60896,110,819
60900,110,819
60904,110,819
60908,110,819
60912,110,819
60916,110,819
60920,110,819
60924,110,819
60928,110,819
60932,110,819
60936,110,819
60940,110,819
60944,110,819
60948,110,819
60952,110,819
60956,110,819
60960,110,819
60964,110,819
60968,110,819
60972,110,819
60976,110,819
60980,110,819
60984,110,819
60988,110,819
60992,110,819
60996,110,819
61000,110,819
61004,110,819
61008,110,819
61012,110,819
61016,110,819
61020,110,819
61024,110,819
61028,110,819
61032,110,819
61036,110,819
61040,110,819
61044,110,819
61048,110,819
61052,110,819
61056,110,819
61060,110,819
61064,110,819
61068,110,819
61072,110,819
61076,110,819
61080,110,819
61084,110,819
61088,110,819
61092,110,819
61096,110,819
61100,110,819
61104,110,819
61108,110,819
61112,110,819
61116,110,819
61120,110,819
61124,110,819
61128,110,819
61132,110,819
61136,110,819
61140,110,819
61144,110,819
61148,110,819
61152,110,819
61156,110,819
61160,110,819
61164,110,819
61168,110,819
61172,110,819
61176,110,819
61180,110,819
61184,110,819
61188,110,819
61192,110,819
61196,110,819
61200,110,819
61204,110,819
61208,110,819
61212,110,819
61216,110,819
61220,110,819
61224,110,819
61228,110,819
61232,110,819
61236,110,819
61240,110,819
61244,110,819
61248,110,819
61252,110,819
61256,110,819
61260,110,819
61264,110,819
61268,110,819
61272,110,819
61276,110,819
61280,110,819
61284,110,819
61288,110,819
61292,110,819
61296,110,819
61300,110,819
61304,110,819
61308,110,819
61312,110,819
61316,110,819
61320,111,820
61324,111,820
61328,111,820
61332,111,820
61336,111,820
61340,111,820
61344,111,820
61348,111,820
61352,111,820
61356,111,820
61360,111,820
61364,111,820
61368,111,820
61372,111,820
61376,111,820
61380,111,820
61384,111,820
61388,111,820
61392,111,820
61396,111,820
61400,111,820
61404,111,820
61408,111,820
61412,111,820
61416,111,820
61420,111,820
61424,111,820
61428,111,820
61432,111,820
61436,111,820
61440,111,820
61444,111,820
61448,111,820
61452,111,820
61456,111,820
61460,111,820
61464,111,820
61468,111,820
61472,111,820
61476,111,820
61480,111,820
61484,111,820
61488,111,820
61492,111,820
61496,111,820
61500,111,820
61504,111,820
61508,111,820
61512,111,820
61516,111,820
61520,111,820
61524,111,820
61528,111,820
61532,111,820
61536,111,820
61540,111,820
61544,111,820
61548,111,820
61552,111,820
61556,111,820
61560,111,820
61564,111,820
61568,111,820
61572,111,820
61576,111,820
61580,111,820
61584,111,820
61588,111,820
61592,111,820
61596,111,820
61600,111,820
61604,111,820
61608,111,820
61612,111,820
61616,111,820
61620,111,820
61624,111,820
61628,111,820
61632,111,820
61636,111,820
61640,111,820
61644,111,820
61648,111,820
61652,111,820
61656,111,820
61660,111,820
61664,111,820
61668,111,820
61672,111,820
61676,111,820
61680,111,820
61684,111,820
61688,111,820
61692,111,820
61696,111,820
61700,111,820
61704,111,820
61708,111,820
61712,111,820
61716,111,820
61720,111,820
61724,111,820
61728,111,820
61732,111,820
61736,111,820
61740,111,820
61744,111,820
61748,111,820
61752,111,820
61756,111,820
61760,111,820
61764,111,820
61768,111,820
61772,111,820
61776,111,820
61780,111,820
61784,111,820
61788,111,820
61792,111,820
61796,111,820
61800,111,820
61804,111,820
61808,111,820
61812,111,820
61816,111,820
61820,111,820
61824,111,820
61828,111,820
61832,111,820
61836,111,820
61840,111,820
61844,111,820
61848,111,820
61852,111,820
61856,111,820
61860,111,820
61864,111,820
61868,111,820
61872,111,820
61876,111,820
61880,112,820
61884,112,820
61888,112,820
61892,112,820
61896,112,820
61900,112,820
61904,112,820
61908,112,820
61912,112,820
61916,112,820
61920,112,820
61924,112,820
61928,112,820
61932,112,820
61936,112,820
61940,112,820
61944,112,820
61948,112,820
61952,112,820
61956,112,820
61960,112,820
61964,112,820
61968,112,820
61972,112,820
61976,112,820
61980,112,820
61984,112,820
61988,112,820
61992,112,820
61996,112,820
62000,112,820
62004,112,820
62008,112,820
62012,112,820
62016,112,820
62020,112,820
62024,112,820
62028,112,820
62032,112,820
62036,112,820
62040,112,820
62044,112,820
62048,112,820
62052,112,820
62056,112,820
62060,112,820
62064,112,820
62068,112,820
62072,112,820
62076,112,820
62080,112,820
62084,112,820
62088,112,820
62092,112,820
62096,112,820
62100,112,820
62104,112,820
62108,112,820
62112,112,820
62116,112,820
62120,112,820
62124,112,820
62128,112,820
62132,112,820
62136,112,820
62140,112,820
62144,112,820
62148,112,820
62152,112,820
62156,112,820
62160,112,820
62164,112,820
62168,112,820
62172,112,820
62176,112,820
62180,112,820
62184,112,820
62188,112,820
62192,112,820
62196,112,820
62200,112,820
62204,112,820
62208,112,820
62212,112,820
62216,112,820
62220,112,820
62224,112,820
62228,112,820
62232,112,820
62236,112,820
62240,112,820
62244,112,820
62248,112,820
62252,112,820
62256,112,820
62260,112,820
62264,112,820
62268,112,820
62272,112,820
62276,112,820
62280,112,820
62284,112,820
62288,112,820
62292,112,820
62296,112,820
62300,112,820
62304,112,820
62308,112,820
62312,112,820
62316,112,820
62320,112,820
62324,112,820
62328,112,820
62332,112,820
62336,112,820
62340,112,820
62344,112,820
62348,112,820
62352,112,820
62356,112,820
62360,112,820
62364,112,820
62368,112,820
62372,112,820
62376,112,820
62380,112,820
62384,112,820
62388,112,820
62392,112,820
62396,112,820
62400,112,820
62404,112,820
62408,112,820
62412,112,820
62416,112,820
62420,112,820
62424,112,820
62428,112,820
62432,112,820
62436,113,820
62440,113,820
62444,113,820
62448,113,820
62452,113,820
62456,113,820
62460,113,820
62464,113,820
62468,113,820
62472,113,820
62476,113,820
62480,113,820
62484,113,820
62488,113,820
62492,113,820
62496,113,820
62500,113,820
62504,113,820
62508,113,820
62512,113,820
62516,113,820
62520,113,820
62524,113,820
62528,113,820
62532,113,820
62536,113,820
62540,113,820
62544,113,820
62548,113,820
62552,113,820
62556,113,820
62560,113,820
62564,113,820
62568,113,820
62572,113,820
62576,113,820
62580,113,820
62584,113,820
62588,113,820
62592,113,820
62596,113,820
62600,113,820
62604,113,820
62608,113,820
62612,113,820
62616,113,820
62620,113,820
62624,113,820
62628,113,820
62632,113,820
62636,113,820
62640,113,820
62644,113,820
62648,113,820
62652,113,820
62656,113,820
62660,113,820
62664,113,820
62668,113,820
62672,113,820
62676,113,820
62680,113,820
62684,113,820
62688,113,820
62692,113,820
62696,113,820
62700,113,820
62704,113,820
62708,113,820
62712,113,820
62716,113,820
62720,113,820
62724,113,820
62728,113,820
62732,113,820
62736,113,820
62740,113,820
62744,113,820
62748,113,820
62752,113,820
62756,113,820
62760,113,820
62764,113,820
62768,113,820
62772,113,820
62776,113,820
62780,113,820
62784,113,820
62788,113,820
62792,113,820
62796,113,820
62800,113,820
62804,113,820
62808,113,820
62812,113,820
62816,113,820
62820,113,820
62824,113,820
62828,113,820
62832,113,820
62836,113,820
62840,113,820
62844,113,820
62848,113,820
62852,113,820
62856,113,820
62860,113,820
62864,113,820
62868,113,820
62872,113,820
62876,113,820
62880,113,820
62884,113,820
62888,113,820
62892,113,820
62896,113,820
62900,113,820
62904,113,820
62908,113,820
62912,113,820
62916,113,820
62920,113,820
62924,113,820
62928,113,820
62932,113,820
62936,113,820
62940,113,820
62944,113,820
62948,113,820
62952,113,820
62956,113,820
62960,113,820
62964,113,820
62968,113,820
62972,113,820
62976,113,820
62980,113,820
62984,113,820
62988,113,820
62992,114,821
62996,114,821
63000,114,821
63004,114,821
63008,114,821
63012,114,821
63016,114,821
63020,114,821
63024,114,821
63028,114,821
63032,114,821
63036,114,821
63040,114,821
63044,114,821
63048,114,821
63052,114,821
63056,114,821
63060,114,821
63064,114,821
63068,114,821
63072,114,821
63076,114,821
63080,114,821
63084,114,821
63088,114,821
63092,114,821
63096,114,821
63100,114,821
63104,114,821
63108,114,821
63112,114,821
63116,114,821
63120,114,821
63124,114,821
63128,114,821
63132,114,821
63136,114,821
63140,114,821
63144,114,821
63148,114,821
63152,114,821
63156,114,821
63160,114,821
63164,114,821
63168,114,821
63172,114,821
63176,114,821
63180,114,821
63184,114,821
63188,114,821
63192,114,821
63196,114,821
63200,114,821
63204,114,821
63208,114,821
63212,114,821
63216,114,821
63220,114,821
63224,114,821
63228,114,821
63232,114,821
63236,114,821
63240,114,821
63244,114,821
63248,114,821
63252,114,821
63256,114,821
63260,114,821
63264,114,821
63268,114,821
63272,114,821
63276,114,821
63280,114,821
63284,114,821
63288,114,821
63292,114,821
63296,114,821
63300,114,821
63304,114,821
63308,114,821
63312,114,821
63316,114,821
63320,114,821
63324,114,821
63328,114,821
63332,114,821
63336,114,821
63340,114,821
63344,114,821
63348,114,821
63352,114,821
63356,114,821
63360,114,821
63364,114,821
63368,114,821
63372,114,821
63376,114,821
63380,114,821
63384,114,821
63388,114,821
63392,114,821
63396,114,821
63400,114,821
63404,114,821
63408,114,821
63412,114,821
63416,114,821
63420,114,821
63424,114,821
63428,114,821
63432,114,821
63436,114,821
63440,114,821
63444,114,821
63448,114,821
63452,114,821
63456,114,821
63460,114,821
63464,114,821
63468,114,821
63472,114,821
63476,114,821
63480,114,821
63484,114,821
63488,114,821
63492,114,821
63496,114,821
63500,114,821
63504,114,821
63508,114,821
63512,114,821
63516,114,821
63520,114,821
63524,114,821
63528,114,821
63532,114,821
63536,114,821
63540,114,821
63544,114,821
63548,115,821
63552,115,821
63556,115,821
63560,115,821
63564,115,821
63568,115,821
63572,115,821
63576,115,821
63580,115,821
63584,115,821
63588,115,821
63592,115,821
63596,115,821
63600,115,821
63604,115,821
63608,115,821
63612,115,821
63616,115,821
63620,115,821
63624,115,821
63628,115,821
63632,115,821
63636,115,821
63640,115,821
63644,115,821
63648,115,821
63652,115,821
63656,115,821
63660,115,821
63664,115,821
63668,115,821
63672,115,821
63676,115,821
63680,115,821
63684,115,821
63688,115,821
63692,115,821
63696,115,821
63700,115,821
63704,115,821
63708,115,821
63712,115,821
63716,115,821
63720,115,821
63724,115,821
63728,115,821
63732,115,821
63736,115,821
63740,115,821
63744,115,821
63748,115,821
63752,115,821
63756,115,821
63760,115,821
63764,115,821
63768,115,821
63772,115,821
63776,115,821
63780,115,821
63784,115,821
63788,115,821
63792,115,821
63796,115,821
63800,115,821
63804,115,821
63808,115,821
63812,115,821
63816,115,821
63820,115,821
63824,115,821
63828,115,821
63832,115,821
63836,115,821
63840,115,821
63844,115,821
63848,115,821
63852,115,821
63856,115,821
63860,115,821
63864,115,821
63868,115,821
63872,115,821
63876,115,821
63880,115,821
63884,115,821
63888,115,821
63892,115,821
63896,115,821
63900,115,821
63904,115,821
63908,115,821
63912,115,821
63916,115,821
63920,115,821
63924,115,821
63928,115,821
63932,115,821
63936,115,821
63940,115,821
63944,115,821
63948,115,821
63952,115,821
63956,115,821
63960,115,821
63964,115,821
63968,115,821
63972,115,821
63976,115,821
63980,115,821
63984,115,821
63988,115,821
63992,115,821
63996,115,821
64000,115,821
64004,115,821
64008,115,821
64012,115,821
64016,115,821
64020,115,821
64024,115,821
64028,115,821
64032,115,821
64036,115,821
64040,115,821
64044,115,821
64048,115,821
64052,115,821
64056,115,821
64060,115,821
64064,115,821
64068,115,821
64072,115,821
64076,115,821
64080,115,821
64084,115,821
64088,115,821
64092,115,821
64096,115,821
64100,115,821
64104,116,821
64108,116,821
64112,116,821
64116,116,821
64120,116,821
64124,116,821
64128,116,821
64132,116,821
64136,116,821
64140,116,821
64144,116,821
64148,116,821
64152,116,821
64156,116,821
64160,116,821
64164,116,821
64168,116,821
64172,116,821
64176,116,821
64180,116,821
64184,116,821
64188,116,821
64192,116,821
64196,116,821
64200,116,821
64204,116,821
64208,116,821
64212,116,821
64216,116,821
64220,116,821
64224,116,821
64228,116,821
64232,116,821
64236,116,821
64240,116,821
64244,116,821
64248,116,821
64252,116,821
64256,116,821
64260,116,821
64264,116,821
64268,116,821
64272,116,821
64276,116,821
64280,116,821
64284,116,821
64288,116,821
64292,116,821
64296,116,821
64300,116,821
64304,116,821
64308,116,821
64312,116,821
64316,116,821
64320,116,821
64324,116,821
64328,116,821
64332,116,821
64336,116,821
64340,116,821
64344,116,821
64348,116,821
64352,116,821
64356,116,821
64360,116,821
64364,116,821
64368,116,821
64372,116,821
64376,116,821
64380,116,821
64384,116,821
64388,116,821
64392,116,821
64396,116,821
64400,116,821
64404,116,821
64408,116,821
64412,116,821
64416,116,821
64420,116,821
64424,116,821
64428,116,821
64432,116,821
64436,116,821
64440,116,821
64444,116,821
64448,116,821
64452,116,821
64456,116,821
64460,116,821
64464,116,821
64468,116,821
64472,116,821
64476,116,821
64480,116,821
64484,116,821
64488,116,821
64492,116,821
64496,116,821
64500,116,821
64504,116,821
64508,116,821
64512,116,821
64516,116,821
64520,116,821
64524,116,821
64528,116,821
64532,116,821
64536,116,821
64540,116,821
64544,116,821
64548,116,821
64552,116,821
64556,116,821
64560,116,821
64564,116,821
64568,116,821
64572,116,821
64576,116,821
64580,116,821
64584,116,821
64588,116,821
64592,116,821
64596,116,821
64600,116,821
64604,116,821
64608,116,821
64612,116,821
64616,116,821
64620,116,821
64624,116,821
64628,116,821
64632,116,821
64636,116,821
64640,116,821
64644,116,821
64648,116,821
64652,116,821
64656,116,821
64660,117,822
64664,117,822
64668,117,822
64672,117,822
64676,117,822
64680,117,822
64684,117,822
64688,117,822
64692,117,822
64696,117,822
64700,117,822
64704,117,822
64708,117,822
64712,117,822
64716,117,822
64720,117,822
64724,117,822
64728,117,822
64732,117,822
64736,117,822
64740,117,822
64744,117,822
64748,117,822
64752,117,822
64756,117,822
64760,117,822
64764,117,822
64768,117,822
64772,117,822
64776,117,822
64780,117,822
64784,117,822
64788,117,822
64792,117,822
64796,117,822
64800,117,822
64804,117,822
64808,117,822
64812,117,822
64816,117,822
64820,117,822
64824,117,822
64828,117,822
64832,117,822
64836,117,822
64840,117,822
64844,117,822
64848,117,822
64852,117,822
64856,117,822
64860,117,822
64864,117,822
64868,117,822
64872,117,822
64876,117,822
64880,117,822
64884,117,822
64888,117,822
64892,117,822
64896,117,822
64900,117,822
64904,117,822
64908,117,822
64912,117,822
64916,117,822
64920,117,822
64924,117,822
64928,117,822
64932,117,822
64936,117,822
64940,117,822
64944,117,822
64948,117,822
64952,117,822
64956,117,822
64960,117,822
64964,117,822
64968,117,822
64972,117,822
64976,117,822
64980,117,822
64984,117,822
64988,117,822
64992,117,822
64996,117,822
65000,117,822
65004,117,822
65008,117,822
65012,117,822
65016,117,822
65020,117,822
65024,117,822
65028,117,822
65032,117,822
65036,117,822
65040,117,822
65044,117,822
65048,117,822
65052,117,822
65056,117,822
65060,117,822
65064,117,822
65068,117,822
65072,117,822
65076,117,822
65080,117,822
65084,117,822
65088,117,822
65092,117,822
65096,117,822
65100,117,822
65104,117,822
65108,117,822
65112,117,822
65116,117,822
65120,117,822
65124,117,822
65128,117,822
65132,117,822
65136,117,822
65140,117,822
65144,117,822
65148,117,822
65152,117,822
65156,117,822
65160,117,822
65164,117,822
65168,117,822
65172,117,822
65176,117,822
65180,117,822
65184,117,822
65188,117,822
65192,117,822
65196,117,822
65200,117,822
65204,117,822
65208,117,822
65212,117,822
65216,117,822
65220,118,822
65224,118,822
65228,118,822
65232,118,822
65236,118,822
65240,118,822
65244,118,822
65248,118,822
65252,118,822
65256,118,822
65260,118,822
65264,118,822
65268,118,822
65272,118,822
65276,118,822
65280,118,822
65284,118,822
65288,118,822
65292,118,822
65296,118,822
65300,118,822
65304,118,822
65308,118,822
65312,118,822
65316,118,822
65320,118,822
65324,118,822
65328,118,822
65332,118,822
65336,118,822
65340,118,822
65344,118,822
65348,118,822
65352,118,822
65356,118,822
65360,118,822
65364,118,822
65368,118,822
65372,118,822
65376,118,822
65380,118,822
65384,118,822
65388,118,822
65392,118,822
65396,118,822
65400,118,822
65404,118,822
65408,118,822
65412,118,822
65416,118,822
65420,118,822
65424,118,822
65428,118,822
65432,118,822
65436,118,822
65440,118,822
65444,118,822
65448,118,822
65452,118,822
65456,118,822
65460,118,822
65464,118,822
65468,118,822
65472,118,822
65476,118,822
65480,118,822
65484,118,822
65488,118,822
65492,118,822
65496,118,822
65500,118,822
65504,118,822
65508,118,822
65512,118,822
65516,118,822
65520,118,822
65524,118,822
65528,118,822
65532,118,822
65536,118,822
65540,118,822
65544,118,822
65548,118,822
65552,118,822
65556,118,822
65560,118,822
65564,118,822
65568,118,822
65572,118,822
65576,118,822
65580,118,822
65584,118,822
65588,118,822
65592,118,822
65596,118,822
65600,118,822
65604,118,822
65608,118,822
65612,118,822
65616,118,822
65620,118,822
65624,118,822
65628,118,822
65632,118,822
65636,118,822
65640,118,822
65644,118,822
65648,118,822
65652,118,822
65656,118,822
65660,118,822
65664,118,822
65668,118,822
65672,118,822
65676,118,822
65680,118,822
65684,118,822
65688,118,822
65692,118,822
65696,118,822
65700,118,822
65704,118,822
65708,118,822
65712,118,822
65716,118,822
65720,118,822
65724,118,822
65728,118,822
65732,118,822
65736,118,822
65740,118,822
65744,118,822
65748,118,822
65752,118,822
65756,118,822
65760,118,822
65764,118,822
65768,118,822
65772,118,822
65776,119,822
65780,119,822
65784,119,822
65788,119,822
65792,119,822
65796,119,822
65800,119,822
65804,119,822
65808,119,822
65812,119,822
65816,119,822
65820,119,822
65824,119,822
65828,119,822
65832,119,822
65836,119,822
65840,119,822
65844,119,822
65848,119,822
65852,119,822
65856,119,822
65860,119,822
65864,119,822
65868,119,822
65872,119,822
65876,119,822
65880,119,822
65884,119,822
65888,119,822
65892,119,822
65896,119,822
65900,119,822
65904,119,822
65908,119,822
65912,119,822
65916,119,822
65920,119,822
65924,119,822
65928,119,822
65932,119,822
65936,119,822
65940,119,822
65944,119,822
65948,119,822
65952,119,822
65956,119,822
65960,119,822
65964,119,822
65968,119,822
65972,119,822
65976,119,822
65980,119,822
65984,119,822
65988,119,822
65992,119,822
65996,119,822
66000,119,822
66004,119,822
66008,119,822
66012,119,822
66016,119,822
66020,119,822
66024,119,822
66028,119,822
66032,119,822
66036,119,822
66040,119,822
66044,119,822
66048,119,822
66052,119,822
66056,119,822
66060,119,822
66064,119,822
66068,119,822
66072,119,822
66076,119,822
66080,119,822
66084,119,822
66088,119,822
66092,119,822
66096,119,822
66100,119,822
66104,119,822
66108,119,822
66112,119,822
66116,119,822
66120,119,822
66124,119,822
66128,119,822
66132,119,822
66136,119,822
66140,119,822
66144,119,822
66148,119,822
66152,119,822
66156,119,822
66160,119,822
66164,119,822
66168,119,822
66172,119,822
66176,119,822
66180,119,822
66184,119,822
66188,119,822
66192,119,822
66196,119,822
66200,119,822
66204,119,822
66208,119,822
66212,119,822
66216,119,822
66220,119,822
66224,119,822
66228,119,822
66232,119,822
66236,119,822
66240,119,822
66244,119,822
66248,119,822
66252,119,822
66256,119,822
66260,119,822
66264,119,822
66268,119,822
66272,119,822
66276,119,822
66280,119,822
66284,119,822
66288,119,822
66292,119,822
66296,119,822
66300,119,822
66304,119,822
66308,119,822
66312,119,822
66316,119,822
66320,119,822
66324,119,822
66328,119,822
66332,120,823
66336,120,823
66340,120,823
66344,120,823
66348,120,823
66352,120,823
66356,120,823
66360,120,823
66364,120,823
66368,120,823
66372,120,823
66376,120,823
66380,120,823
66384,120,823
66388,120,823
66392,120,823
66396,120,823
66400,120,823
66404,120,823
66408,120,823
66412,120,823
66416,120,823
66420,120,823
66424,120,823
66428,120,823
66432,120,823
66436,120,823
66440,120,823
66444,120,823
66448,120,823
66452,120,823
66456,120,823
66460,120,823
66464,120,823
66468,120,823
66472,120,823
66476,120,823
66480,120,823
66484,120,823
66488,120,823
66492,120,823
66496,120,823
66500,120,823
66504,120,823
66508,120,823
66512,120,823
66516,120,823
66520,120,823
66524,120,823
66528,120,823
66532,120,823
66536,120,823
66540,120,823
66544,120,823
66548,120,823
66552,120,823
66556,120,823
66560,120,823
66564,120,823
66568,120,823
66572,120,823
66576,120,823
66580,120,823
66584,120,823
66588,120,823
66592,120,823
66596,120,823
66600,120,823
66604,120,823
66608,120,823
66612,120,823
66616,120,823
66620,120,823
66624,120,823
66628,120,823
66632,120,823
66636,120,823
66640,120,823
66644,120,823
66648,120,823
66652,120,823
66656,120,823
66660,120,823
66664,120,823
66668,120,823
66672,120,823
66676,120,823
66680,120,823
66684,120,823
66688,120,823
66692,120,823
66696,120,823
66700,120,823
66704,120,823
66708,120,823
66712,120,823
66716,120,823
66720,120,823
66724,120,823
66728,120,823
66732,120,823
66736,120,823
66740,120,823
66744,120,823
66748,120,823
66752,120,823
66756,120,823
66760,120,823
66764,120,823
66768,120,823
66772,120,823
66776,120,823
66780,120,823
66784,120,823
66788,120,823
66792,120,823
66796,120,823
66800,120,823
66804,120,823
66808,120,823
66812,120,823
66816,120,823
66820,120,823
66824,120,823
66828,120,823
66832,120,823
66836,120,823
66840,120,823
66844,120,823
66848,120,823
66852,120,823
66856,120,823
66860,120,823
66864,120,823
66868,120,823
66872,120,823
66876,120,823
66880,120,823
66884,120,823
66888,121,823
66892,121,823
66896,121,823
66900,121,823
66904,121,823
66908,121,823
66912,121,823
66916,121,823
66920,121,823
66924,121,823
66928,121,823
66932,121,823
66936,121,823
66940,121,823
66944,121,823
66948,121,823
66952,121,823
66956,121,823
66960,121,823
66964,121,823
66968,121,823
66972,121,823
66976,121,823
66980,121,823
66984,121,823
66988,121,823
66992,121,823
66996,121,823
67000,121,823
67004,121,823
67008,121,823
67012,121,823
67016,121,823
67020,121,823
67024,121,823
67028,121,823
67032,121,823
67036,121,823
67040,121,823
67044,121,823
67048,121,823
67052,121,823
67056,121,823
67060,121,823
67064,121,823
67068,121,823
67072,121,823
67076,121,823
67080,121,823
67084,121,823
67088,121,823
67092,121,823
67096,121,823
67100,121,823
67104,121,823
67108,121,823
67112,121,823
67116,121,823
67120,121,823
67124,121,823
67128,121,823
67132,121,823
67136,121,823
67140,121,823
67144,121,823
67148,121,823
67152,121,823
67156,121,823
67160,121,823
67164,121,823
67168,121,823
67172,121,823
67176,121,823
67180,121,823
67184,121,823
67188,121,823
67192,121,823
67196,121,823
67200,121,823
67204,121,823
67208,121,823
67212,121,823
67216,121,823
67220,121,823
67224,121,823
67228,121,823
67232,121,823
67236,121,823
67240,121,823
67244,121,823
67248,121,823
67252,121,823
67256,121,823
67260,121,823
67264,121,823
67268,121,823
67272,121,823
67276,121,823
67280,121,823
67284,121,823
67288,121,823
67292,121,823
67296,121,823
67300,121,823
67304,121,823
67308,121,823
67312,121,823
67316,121,823
67320,121,823
67324,121,823
67328,121,823
67332,121,823
67336,121,823
67340,121,823
67344,121,823
67348,121,823
67352,121,823
67356,121,823
67360,121,823
67364,121,823
67368,121,823
67372,121,823
67376,121,823
67380,121,823
67384,121,823
67388,121,823
67392,121,823
67396,121,823
67400,121,823
67404,121,823
67408,121,823
67412,121,823
67416,121,823
67420,121,823
67424,121,823
67428,121,823
67432,121,823
67436,121,823
67440,121,823
67444,122,823
67448,122,823
67452,122,823
67456,122,823
67460,122,823
67464,122,823
67468,122,823
67472,122,823
67476,122,823
67480,122,823
67484,122,823
67488,122,823
67492,122,823
67496,122,823
67500,122,823
67504,122,823
67508,122,823
67512,122,823
67516,122,823
67520,122,823
67524,122,823
67528,122,823
67532,122,823
67536,122,823
67540,122,823
67544,122,823
67548,122,823
67552,122,823
67556,122,823
67560,122,823
67564,122,823
67568,122,823
67572,122,823
67576,122,823
67580,122,823
67584,122,823
67588,122,823
67592,122,823
67596,122,823
67600,122,823
67604,122,823
67608,122,823
67612,122,823
67616,122,823
67620,122,823
67624,122,823
67628,122,823
67632,122,823
67636,122,823
67640,122,823
67644,122,823
67648,122,823
67652,122,823
67656,122,823
67660,122,823
67664,122,823
67668,122,823
67672,122,823
67676,122,823
67680,122,823
67684,122,823
67688,122,823
67692,122,823
67696,122,823
67700,122,823
67704,122,823
67708,122,823
67712,122,823
67716,122,823
67720,122,823
67724,122,823
67728,122,823
67732,122,823
67736,122,823
67740,122,823
67744,122,823
67748,122,823
67752,122,823
67756,122,823
67760,122,823
67764,122,823
67768,122,823
67772,122,823
67776,122,823
67780,122,823
67784,122,823
67788,122,823
67792,122,823
67796,122,823
67800,122,823
67804,122,823
67808,122,823
67812,122,823
67816,122,823
67820,122,823
67824,122,823
67828,122,823
67832,122,823
67836,122,823
67840,122,823
67844,122,823
67848,122,823
67852,122,823
67856,122,823
67860,122,823
67864,122,823
67868,122,823
67872,122,823
67876,122,823
67880,122,823
67884,122,823
67888,122,823
67892,122,823
67896,122,823
67900,122,823
67904,122,823
67908,122,823
67912,122,823
67916,122,823
67920,122,823
67924,122,823
67928,122,823
67932,122,823
67936,122,823
67940,122,823
67944,122,823
67948,122,823
67952,122,823
67956,122,823
67960,122,823
67964,122,823
67968,122,823
67972,122,823
67976,122,823
67980,122,823
67984,122,823
67988,122,823
67992,122,823
67996,122,823
68000,123,824
68004,125,825
68008,128,826
68012,131,827
68016,134,828
68020,137,829
68024,141,831
68028,146,833
68032,150,836
68036,155,838
68040,160,841
68044,166,843
68048,172,846
68052,178,848
68056,184,851
68060,190,854
68064,196,854
68068,203,854
68072,210,855
68076,217,855
68080,224,856
68084,228,858
68088,233,861
68092,237,863
68096,242,866
68100,247,869
68104,250,871
68108,254,874
68112,258,877
68116,262,880
68120,266,883
68124,270,885
68128,274,888
68132,278,891
68136,282,893
68140,286,896
68144,290,899
68148,294,901
68152,298,904
68156,302,907
68160,307,910
68164,312,914
68168,317,918
68172,323,922
68176,328,926
68180,334,931
68184,339,937
68188,344,943
68192,349,949
68196,354,955
68200,359,961
68204,365,968
68208,372,975
68212,378,982
68216,385,989
68220,392,996
68224,398,997
68228,405,999
68232,412,1000
68236,419,1002
68240,426,1004
68244,436,1008
68248,446,1012
68252,456,1017
68256,466,1021
68260,477,1026
68264,485,1028
68268,494,1030
68272,502,1032
68276,511,1034
68280,520,1037
68284,528,1039
68288,537,1042
68292,545,1044
68296,554,1047
68300,563,1050
