,X,Y
54320,1208,92
54324,1207,91
54328,1207,90
54332,1206,89
54336,1206,88
54340,1206,88
54344,1206,87
54348,1206,86
54352,1206,86
54356,1206,85
54360,1207,85
54364,1206,84
54368,1205,83
54372,1204,82
54376,1203,81
54380,1203,80
54384,1203,78
54388,1203,77
54392,1203,75
54396,1203,74
54400,1203,73
54404,1204,72
54408,1206,71
54412,1208,71
54416,1210,70
54420,1212,70
54424,1213,69
54428,1215,69
54432,1216,69
54436,1218,69
54440,1220,69
54444,1220,68
54448,1220,68
54452,1220,68
54456,1220,68
54460,1221,68
54464,1221,68
54468,1221,68
54472,1221,68
54476,1221,68
54480,1222,68
54484,1222,68
54488,1222,68
54492,1222,68
54496,1222,68
54500,1223,68
54504,1223,68
54508,1223,68
54512,1223,68
54516,1223,68
54520,1224,68
54524,1224,68
54528,1224,68
54532,1224,68
54536,1224,68
54540,1225,68
54544,1225,68
54548,1225,68
54552,1225,68
54556,1225,68
54560,1226,68
54564,1226,68
54568,1226,68
54572,1226,68
54576,1226,68
54580,1227,68
54584,1227,68
54588,1227,68
54592,1227,68
54596,1227,68
54600,1228,68
54604,1228,68
54608,1228,68
54612,1228,68
54616,1228,68
54620,1229,68
54624,1229,68
54628,1229,68
54632,1229,68
54636,1229,68
54640,1230,68
54644,1230,68
54648,1230,68
54652,1230,68
54656,1230,68
54660,1231,68
54664,1231,68
54668,1231,68
54672,1231,68
54676,1231,68
54680,1232,68
54684,1231,69
54688,1231,71
54692,1230,73
54696,1230,75
54700,1230,77
54704,1230,78
54708,1231,80
54712,1232,82
54716,1233,84
54720,1234,86
54724,1234,88
54728,1234,91
54732,1235,94
54736,1235,97
54740,1236,100
54744,1236,101
54748,1236,103
54752,1236,105
54756,1236,107
54760,1236,109
54764,1237,112
54768,1238,115
54772,1239,118
54776,1240,121
54780,1241,124
54784,1241,125
54788,1242,127
54792,1243,129
54796,1244,131
54800,1245,133
54804,1245,135
54808,1245,137
54812,1245,140
54816,1245,142
54820,1246,145
54824,1245,147
54828,1245,149
54832,1245,151
54836,1245,153
54840,1245,155
54844,1245,158
54848,1245,162
54852,1245,165
54856,1245,169
54860,1246,173
54864,1246,175
54868,1246,177
54872,1246,180
54876,1246,182
54880,1247,185
54884,1245,187
54888,1243,190
54892,1241,192
54896,1239,195
54900,1238,198
54904,1236,200
54908,1235,202
54912,1234,204
54916,1233,206
54920,1232,209
54924,1230,211
54928,1228,214
54932,1226,217
54936,1224,220
54940,1223,223
54944,1222,225
54948,1221,228
54952,1220,230
54956,1219,233
54960,1219,236
54964,1218,237
54968,1217,239
54972,1216,241
54976,1215,243
54980,1215,245
54984,1216,246
54988,1217,248
54992,1219,249
54996,1220,251
55000,1222,253
55004,1221,254
55008,1221,255
55012,1221,256
55016,1221,257
55020,1221,258
55024,1220,258
55028,1220,259
55032,1220,260
55036,1220,261
55040,1220,262
55044,1217,264
55048,1214,266
55052,1211,268
55056,1208,270
55060,1205,272
55064,1202,273
55068,1199,275
55072,1196,277
55076,1193,279
55080,1190,281
55084,1187,283
55088,1184,285
55092,1181,287
55096,1178,289
55100,1175,292
55104,1171,294
55108,1168,296
55112,1164,299
55116,1161,301
55120,1158,304
55124,1153,306
55128,1149,308
55132,1145,310
55136,1141,312
55140,1137,314
55144,1132,316
55148,1127,318
55152,1123,320
55156,1118,322
55160,1114,324
55164,1109,326
55168,1105,328
55172,1101,330
55176,1097,332
55180,1093,334
55184,1087,336
55188,1081,338
55192,1075,340
55196,1069,342
55200,1064,344
55204,1059,345
55208,1054,346
55212,1049,348
55216,1044,349
55220,1040,351
55224,1037,353
55228,1034,355
55232,1032,357
55236,1029,359
55240,1027,361
55244,1023,364
55248,1020,367
55252,1017,371
55256,1014,374
55260,1011,378
55264,1008,382
55268,1005,386
55272,1002,390
55276,999,394
55280,997,398
55284,994,402
55288,992,406
55292,989,410
55296,987,414
55300,985,419
55304,981,422
55308,978,426
55312,975,430
55316,972,434
55320,969,438
55324,965,441
55328,962,445
55332,958,449
55336,955,453
55340,952,457
55344,946,460
55348,940,463
55352,934,467
55356,928,470
55360,923,474
55364,917,476
55368,911,479
55372,905,482
55376,899,484
55380,893,487
55384,887,490
55388,881,492
55392,875,495
55396,869,498
55400,863,501
55404,862,501
55408,861,501
55412,861,501
55416,860,501
55420,860,501
55424,859,502
55428,859,502
55432,858,502
55436,858,502
55440,857,502
55444,857,502
55448,856,503
55452,856,503
55456,855,503
55460,854,503
55464,854,503
55468,853,503
55472,853,504
55476,852,504
55480,852,504
55484,851,504
55488,851,504
55492,850,505
55496,850,505
55500,849,505
55504,849,505
55508,848,505
55512,847,505
55516,847,506
55520,846,506
55524,846,506
55528,845,506
55532,845,506
55536,844,506
55540,844,507
55544,843,507
55548,843,507
55552,842,507
55556,842,507
55560,841,508
55564,841,508
55568,840,508
55572,839,508
55576,839,508
55580,838,508
55584,838,509
55588,837,509
55592,837,509
55596,836,509
55600,836,509
55604,835,509
55608,835,510
55612,834,510
55616,834,510
55620,833,510
55624,832,510
55628,832,511
55632,831,511
55636,831,511
55640,830,511
55644,830,511
55648,829,511
55652,829,512
55656,828,512
55660,828,512
55664,827,512
55668,827,512
55672,826,512
55676,826,513
55680,825,513
55684,824,513
55688,824,513
55692,823,513
55696,823,514
55700,822,514
55704,822,514
55708,821,514
55712,821,514
55716,820,514
55720,820,515
55724,819,515
55728,819,515
55732,818,515
55736,817,515
55740,817,515
55744,816,516
55748,816,516
55752,815,516
55756,815,516
55760,814,516
55764,814,517
55768,813,517
55772,813,517
55776,812,517
55780,812,517
55784,811,517
55788,811,518
55792,810,518
55796,809,518
55800,809,518
55804,808,518
55808,808,518
55812,807,519
55816,807,519
55820,806,519
55824,806,519
55828,805,519
55832,805,520
55836,804,520
55840,804,520
55844,803,520
55848,802,520
55852,802,520
55856,801,521
55860,801,521
55864,800,521
55868,800,521
55872,799,521
55876,799,521
55880,798,522
55884,798,522
55888,797,522
55892,797,522
55896,796,522
55900,796,523
55904,791,525
55908,786,527
55912,781,529
55916,776,531
55920,771,533
55924,766,534
55928,761,535
55932,757,536
55936,752,537
55940,748,539
55944,744,542
55948,741,545
55952,737,549
55956,734,552
55960,731,556
55964,727,560
55968,724,564
55972,720,568
55976,717,572
55980,714,577
55984,713,581
55988,712,585
55992,711,590
55996,710,594
56000,710,599
56004,709,602
56008,708,606
56012,707,610
56016,706,614
56020,705,618
56024,703,622
56028,702,626
56032,700,631
56036,699,635
56040,698,640
56044,697,644
56048,697,648
56052,696,653
56056,696,657
56060,696,662
56064,694,665
56068,692,668
56072,691,672
56076,689,675
56080,688,679
56084,684,684
56088,681,690
56092,678,695
56096,675,701
56100,672,707
56104,669,712
56108,667,717
56112,664,723
56116,662,728
56120,660,734
56124,656,739
56128,652,745
56132,648,751
56136,644,757
56140,641,763
56144,635,768
56148,629,773
56152,623,779
56156,617,784
56160,611,790
56164,605,795
56168,600,800
56172,595,806
56176,590,811
56180,585,817
56184,579,822
56188,574,827
56192,569,833
56196,564,838
56200,559,844
56204,553,848
56208,547,853
56212,541,858
56216,535,863
56220,529,868
56224,520,873
56228,511,878
56232,503,883
56236,494,888
56240,486,893
56244,480,899
56248,474,905
56252,468,911
56256,462,917
56260,456,924
56264,449,931
56268,443,938
56272,437,945
56276,431,952
56280,425,959
56284,417,966
56288,409,973
56292,402,980
56296,394,987
56300,387,994
56304,380,1003
56308,373,1012
56312,367,1021
56316,360,1030
56320,354,1039
56324,346,1046
56328,338,1053
56332,331,1061
56336,323,1068
56340,316,1076
