,X,Y
89900,1301,83
89904,1300,86
89908,1300,89
89912,1300,93
89916,1300,96
89920,1300,100
89924,1301,101
89928,1303,103
89932,1304,104
89936,1306,106
89940,1308,108
89944,1309,110
89948,1311,112
89952,1312,114
89956,1314,116
89960,1316,119
89964,1316,120
89968,1317,121
89972,1317,122
89976,1318,123
89980,1319,125
89984,1320,127
89988,1321,129
89992,1322,132
89996,1323,134
90000,1325,137
90004,1326,138
90008,1328,140
90012,1330,142
90016,1332,144
90020,1334,146
90024,1335,147
90028,1336,148
90032,1337,149
90036,1338,150
90040,1340,152
90044,1342,154
90048,1344,156
90052,1346,158
90056,1348,160
90060,1350,163
90064,1351,164
90068,1353,166
90072,1355,168
90076,1357,170
90080,1359,172
90084,1359,173
90088,1359,175
90092,1359,177
90096,1359,179
90100,1360,181
90104,1361,184
90108,1362,187
90112,1364,190
90116,1365,193
90120,1367,197
90124,1368,198
90128,1369,199
90132,1370,200
90136,1371,201
90140,1372,203
90144,1372,204
90148,1373,205
90152,1374,207
90156,1375,208
90160,1376,210
90164,1377,212
90168,1379,214
90172,1381,216
90176,1383,218
90180,1385,221
90184,1385,222
90188,1386,224
90192,1387,226
90196,1388,228
90200,1389,230
90204,1390,232
90208,1391,234
90212,1392,237
90216,1393,239
90220,1394,242
90224,1395,243
90228,1397,244
90232,1398,245
90236,1400,246
90240,1402,247
90244,1402,249
90248,1402,251
90252,1402,254
90256,1402,256
90260,1403,259
90264,1403,260
90268,1404,261
90272,1405,262
90276,1406,263
90280,1407,265
90284,1406,266
90288,1405,267
90292,1405,269
90296,1404,270
90300,1404,272
90304,1405,273
90308,1406,274
90312,1407,276
90316,1408,277
90320,1409,279
90324,1407,280
90328,1406,281
90332,1405,282
90336,1404,283
90340,1403,285
90344,1403,287
90348,1404,289
90352,1404,291
90356,1405,293
90360,1406,295
90364,1405,297
90368,1404,299
90372,1404,301
90376,1403,303
90380,1403,306
90384,1405,304
90388,1408,302
90392,1410,300
90396,1413,298
90400,1416,297
90404,1416,298
90408,1416,299
90412,1416,300
90416,1416,301
90420,1417,302
90424,1419,302
90428,1421,303
90432,1424,303
90436,1426,304
90440,1429,305
90444,1429,305
90448,1430,306
90452,1430,307
90456,1431,308
90460,1432,309
90464,1432,308
90468,1432,308
90472,1432,308
90476,1432,308
90480,1432,308
90484,1432,308
90488,1432,308
90492,1432,308
90496,1432,308
90500,1432,308
90504,1432,308
90508,1432,308
90512,1432,308
90516,1432,308
90520,1432,308
90524,1432,308
90528,1432,308
90532,1432,308
90536,1432,308
90540,1432,308
90544,1432,308
90548,1432,308
90552,1432,308
90556,1432,308
90560,1432,308
90564,1432,308
90568,1432,308
90572,1432,308
90576,1432,308
90580,1432,308
90584,1432,308
90588,1432,308
90592,1433,308
90596,1433,308
90600,1433,308
90604,1433,308
90608,1433,308
90612,1433,308
90616,1433,308
90620,1433,308
90624,1433,308
90628,1433,308
90632,1433,308
90636,1433,308
90640,1433,308
90644,1433,308
90648,1433,308
90652,1433,308
90656,1433,308
90660,1433,308
90664,1433,308
90668,1433,308
90672,1433,308
90676,1433,308
90680,1433,308
90684,1433,308
90688,1433,308
90692,1433,308
90696,1433,308
90700,1433,308
90704,1433,308
90708,1433,308
90712,1433,308
90716,1433,308
90720,1434,308
90724,1434,308
90728,1434,308
90732,1434,308
90736,1434,308
90740,1434,308
90744,1434,308
90748,1434,308
90752,1434,308
90756,1434,308
90760,1434,308
90764,1434,308
90768,1434,308
90772,1434,308
90776,1434,308
90780,1434,308
90784,1434,308
90788,1434,308
90792,1434,308
90796,1434,308
90800,1434,308
90804,1434,308
90808,1434,308
90812,1434,308
90816,1434,308
90820,1434,308
90824,1434,308
90828,1434,308
90832,1434,308
90836,1434,308
90840,1434,308
90844,1434,308
90848,1434,308
90852,1435,308
90856,1435,308
90860,1435,308
90864,1435,308
90868,1435,308
90872,1435,308
90876,1435,308
90880,1435,308
90884,1435,308
90888,1435,308
90892,1435,308
90896,1435,308
90900,1435,308
90904,1435,308
90908,1435,308
90912,1435,308
90916,1435,308
90920,1435,308
90924,1435,308
90928,1435,308
90932,1435,308
90936,1435,308
90940,1435,308
90944,1435,308
90948,1435,308
90952,1435,308
90956,1435,308
90960,1435,308
90964,1435,308
90968,1435,308
90972,1435,308
90976,1435,308
90980,1436,308
90984,1436,308
90988,1436,308
90992,1436,308
90996,1436,308
91000,1436,308
91004,1436,308
91008,1436,308
91012,1436,308
91016,1436,308
91020,1436,308
91024,1436,308
91028,1436,308
91032,1436,308
91036,1436,308
91040,1436,308
91044,1436,308
91048,1436,308
91052,1436,308
91056,1436,308
91060,1436,308
91064,1436,308
91068,1436,308
91072,1436,308
91076,1436,308
91080,1436,308
91084,1436,308
91088,1436,308
91092,1436,308
91096,1436,308
91100,1436,308
91104,1436,308
91108,1436,308
91112,1437,308
91116,1437,308
91120,1437,308
91124,1437,308
91128,1437,308
91132,1437,308
91136,1437,308
91140,1437,308
91144,1437,308
91148,1437,308
91152,1437,308
91156,1437,308
91160,1437,308
91164,1437,308
91168,1437,308
91172,1437,308
91176,1437,308
91180,1437,308
91184,1437,308
91188,1437,308
91192,1437,308
91196,1437,308
91200,1437,308
91204,1437,308
91208,1437,308
91212,1437,308
91216,1437,308
91220,1437,308
91224,1437,308
91228,1437,308
91232,1437,308
91236,1437,308
91240,1438,308
91244,1439,309
91248,1441,311
91252,1443,313
91256,1445,315
91260,1447,317
91264,1452,318
91268,1457,319
91272,1462,320
91276,1467,321
91280,1473,323
91284,1478,325
91288,1484,327
91292,1490,329
91296,1496,331
91300,1502,333
91304,1506,333
91308,1511,333
91312,1516,334
91316,1521,334
91320,1526,335
91324,1531,336
91328,1536,338
91332,1541,339
91336,1546,341
91340,1551,343
91344,1555,343
91348,1559,343
91352,1563,343
91356,1567,343
91360,1571,344
91364,1574,345
91368,1578,347
91372,1581,348
91376,1585,350
91380,1589,352
91384,1591,351
91388,1593,351
91392,1595,350
91396,1597,350
91400,1599,350
91404,1598,349
91408,1597,349
91412,1597,348
91416,1596,348
91420,1596,348
91424,1596,348
91428,1596,348
91432,1597,349
91436,1597,349
91440,1598,350
91444,1598,350
91448,1599,350
91452,1599,351
91456,1600,351
91460,1600,352
91464,1601,352
91468,1601,352
91472,1602,353
91476,1602,353
91480,1603,354
91484,1603,354
91488,1604,354
91492,1604,355
91496,1605,355
91500,1605,356
91504,1606,356
91508,1606,356
91512,1607,357
91516,1607,357
91520,1608,358
91524,1609,357
91528,1610,356
91532,1611,355
91536,1612,354
91540,1613,354
91544,1612,353
91548,1612,353
91552,1612,352
91556,1612,352
91560,1612,352
91564,1612,352
91568,1612,352
91572,1612,352
91576,1612,352
91580,1612,352
91584,1612,352
91588,1612,352
91592,1612,352
91596,1612,352
91600,1612,352
91604,1612,352
91608,1612,352
91612,1612,352
91616,1612,352
91620,1612,352
91624,1612,352
91628,1612,352
91632,1612,352
91636,1612,352
91640,1612,352
91644,1612,352
91648,1612,352
91652,1612,352
91656,1612,352
91660,1612,352
91664,1612,352
91668,1612,352
91672,1612,352
91676,1612,352
91680,1612,352
91684,1612,352
91688,1613,352
91692,1613,352
91696,1613,352
91700,1613,352
91704,1613,352
91708,1613,352
91712,1613,352
91716,1613,352
91720,1613,353
91724,1613,353
91728,1613,353
91732,1613,353
91736,1613,353
91740,1613,353
91744,1613,353
91748,1613,353
91752,1613,353
91756,1613,353
91760,1613,353
91764,1613,353
91768,1613,353
91772,1613,353
91776,1613,353
91780,1613,353
91784,1613,353
91788,1613,353
91792,1613,353
91796,1613,353
91800,1613,353
91804,1613,353
91808,1613,353
91812,1613,353
91816,1614,353
91820,1614,353
91824,1614,353
91828,1614,353
91832,1614,353
91836,1614,353
91840,1614,353
91844,1614,353
91848,1614,353
91852,1614,353
91856,1614,353
91860,1614,353
91864,1614,353
91868,1614,353
91872,1614,353
91876,1614,353
91880,1614,354
91884,1614,354
91888,1614,354
91892,1614,354
91896,1614,354
91900,1614,354
91904,1614,354
91908,1614,354
91912,1614,354
91916,1614,354
91920,1614,354
91924,1614,354
91928,1614,354
91932,1614,354
91936,1614,354
91940,1614,354
91944,1615,354
91948,1615,354
91952,1615,354
91956,1615,354
91960,1615,354
91964,1615,354
91968,1615,354
91972,1615,354
91976,1615,354
91980,1615,354
91984,1615,354
91988,1615,354
91992,1615,354
91996,1615,354
92000,1615,354
92004,1615,354
92008,1615,354
92012,1615,354
92016,1615,354
92020,1615,354
92024,1615,354
92028,1615,354
92032,1615,354
92036,1615,354
92040,1615,355
92044,1615,355
92048,1615,355
92052,1615,355
92056,1615,355
92060,1615,355
92064,1615,355
92068,1615,355
92072,1616,355
92076,1616,355
92080,1616,355
92084,1616,355
92088,1616,355
92092,1616,355
92096,1616,355
92100,1616,355
92104,1616,355
92108,1616,355
92112,1616,355
92116,1616,355
92120,1616,355
92124,1616,355
92128,1616,355
92132,1616,355
92136,1616,355
92140,1616,355
92144,1616,355
92148,1616,355
92152,1616,355
92156,1616,355
92160,1616,355
92164,1616,355
92168,1616,355
92172,1616,355
92176,1616,355
92180,1616,355
92184,1616,355
92188,1616,355
92192,1616,355
92196,1616,355
92200,1617,356
