,X,Y
90960,857,1038
90964,872,1031
90968,888,1024
90972,904,1017
90976,920,1010
90980,936,1004
90984,946,998
90988,957,992
90992,968,986
90996,979,980
91000,990,975
91004,1003,968
91008,1016,962
91012,1029,956
91016,1042,950
91020,1056,944
91024,1066,938
91028,1076,933
91032,1086,928
91036,1096,923
91040,1107,918
91044,1115,910
91048,1123,903
91052,1131,896
91056,1139,889
91060,1148,882
91064,1158,877
91068,1169,873
91072,1179,869
91076,1190,865
91080,1201,861
91084,1211,855
91088,1221,850
91092,1232,845
91096,1242,840
91100,1253,835
91104,1261,830
91108,1270,825
91112,1278,820
91116,1287,815
91120,1296,810
91124,1302,804
91128,1308,798
91132,1315,792
91136,1321,786
91140,1328,780
91144,1331,774
91148,1334,769
91152,1337,764
91156,1340,759
91160,1344,754
91164,1347,749
91168,1350,744
91172,1354,740
91176,1357,735
91180,1361,731
91184,1361,726
91188,1362,721
91192,1363,717
91196,1364,712
91200,1365,708
91204,1368,705
91208,1372,702
91212,1376,699
91216,1380,696
91220,1384,693
91224,1383,688
91228,1383,684
91232,1383,680
91236,1383,676
91240,1383,672
91244,1382,666
91248,1381,660
91252,1380,654
91256,1379,648
91260,1379,643
91264,1378,636
91268,1378,629
91272,1377,623
91276,1377,616
91280,1377,610
91284,1377,604
91288,1378,599
91292,1378,593
91296,1379,588
91300,1380,583
91304,1380,578
91308,1380,573
91312,1381,568
91316,1381,563
91320,1382,559
91324,1380,553
91328,1379,548
91332,1378,542
91336,1377,537
91340,1376,532
91344,1375,527
91348,1374,522
91352,1373,517
91356,1372,512
91360,1372,507
91364,1373,503
91368,1374,499
91372,1375,495
91376,1376,491
91380,1378,487
91384,1377,483
91388,1376,479
91392,1375,475
91396,1374,471
91400,1374,468
91404,1373,465
91408,1373,462
91412,1373,460
91416,1373,457
91420,1373,455
91424,1372,452
91428,1372,449
91432,1372,446
91436,1372,443
91440,1372,441
91444,1372,439
91448,1373,437
91452,1374,435
91456,1375,433
91460,1376,432
91464,1374,430
91468,1372,429
91472,1370,427
91476,1368,426
91480,1367,425
91484,1368,423
91488,1369,422
91492,1370,421
91496,1371,420
91500,1373,419
91504,1374,417
91508,1376,415
91512,1378,413
91516,1380,411
91520,1382,410
91524,1383,409
91528,1384,408
91532,1386,407
91536,1387,406
91540,1389,406
91544,1391,404
91548,1393,403
91552,1396,401
91556,1398,400
91560,1401,399
91564,1403,398
91568,1406,397
91572,1408,396
91576,1411,395
91580,1414,394
91584,1417,394
91588,1420,394
91592,1423,394
91596,1426,394
91600,1429,394
91604,1430,391
91608,1432,389
91612,1433,387
91616,1435,385
91620,1437,383
91624,1441,382
91628,1446,381
91632,1450,380
91636,1455,379
91640,1460,379
91644,1463,378
91648,1467,377
91652,1470,376
91656,1474,375
91660,1478,374
91664,1480,373
91668,1483,373
91672,1486,373
91676,1489,373
91680,1492,373
91684,1491,372
91688,1490,372
91692,1490,372
91696,1489,372
91700,1489,372
91704,1489,372
91708,1489,372
91712,1489,373
91716,1489,373
91720,1489,374
91724,1489,373
91728,1489,373
91732,1490,373
91736,1490,373
91740,1491,373
91744,1488,373
91748,1485,373
91752,1482,374
91756,1479,374
91760,1477,375
91764,1473,376
91768,1470,377
91772,1467,378
91776,1464,379
91780,1461,380
91784,1460,379
91788,1459,379
91792,1458,379
91796,1457,379
91800,1456,379
91804,1456,380
91808,1456,381
91812,1456,382
91816,1456,383
91820,1457,384
91824,1457,384
91828,1457,384
91832,1457,384
91836,1457,384
91840,1457,384
91844,1457,384
91848,1457,384
91852,1458,384
91856,1458,384
91860,1458,384
91864,1458,384
91868,1458,384
91872,1458,384
91876,1458,384
91880,1459,385
91884,1459,385
91888,1459,385
91892,1459,385
91896,1459,385
91900,1459,385
91904,1459,385
91908,1459,385
91912,1460,385
91916,1460,385
91920,1460,385
91924,1460,385
91928,1460,385
91932,1460,385
91936,1460,385
91940,1461,386
91944,1461,386
91948,1462,387
91952,1462,388
91956,1463,389
91960,1464,390
91964,1464,390
91968,1464,390
91972,1464,390
91976,1464,390
91980,1464,390
91984,1464,390
91988,1464,390
91992,1464,390
91996,1464,390
92000,1464,390
92004,1464,390
92008,1464,390
92012,1464,390
92016,1464,390
92020,1464,390
92024,1464,390
92028,1464,390
92032,1464,390
92036,1464,390
92040,1464,390
92044,1464,390
92048,1464,390
92052,1464,390
92056,1464,390
92060,1464,390
92064,1464,390
92068,1464,390
92072,1464,390
92076,1464,390
92080,1464,390
92084,1464,390
92088,1464,390
92092,1464,390
92096,1464,390
92100,1464,390
92104,1464,390
92108,1464,390
92112,1464,390
92116,1464,390
92120,1464,390
92124,1464,390
92128,1464,390
92132,1464,390
92136,1464,390
92140,1464,390
92144,1464,390
92148,1464,390
92152,1464,390
92156,1464,390
92160,1464,390
92164,1464,390
92168,1464,390
92172,1464,390
92176,1464,390
92180,1464,390
92184,1464,390
92188,1464,390
92192,1464,390
92196,1464,390
92200,1464,390
92204,1464,390
92208,1464,390
92212,1464,390
92216,1464,390
92220,1464,390
92224,1464,390
92228,1464,390
92232,1464,390
92236,1464,390
92240,1464,390
92244,1464,390
92248,1464,390
92252,1464,390
92256,1464,390
92260,1464,390
92264,1464,390
92268,1464,390
92272,1464,390
92276,1464,390
92280,1464,390
92284,1464,390
92288,1464,390
92292,1464,390
92296,1464,390
92300,1464,390
92304,1464,390
92308,1464,390
92312,1464,390
92316,1464,390
92320,1464,390
92324,1464,390
92328,1464,390
92332,1464,390
92336,1464,390
92340,1464,390
92344,1464,390
92348,1464,390
92352,1464,390
92356,1464,390
92360,1464,390
92364,1464,390
92368,1464,390
92372,1464,390
92376,1464,390
92380,1464,390
92384,1464,390
92388,1464,390
92392,1464,390
92396,1464,390
92400,1464,390
92404,1464,390
92408,1464,390
92412,1464,390
92416,1464,390
92420,1464,390
92424,1464,390
92428,1464,390
92432,1464,390
92436,1464,390
92440,1464,390
92444,1464,390
92448,1464,390
92452,1464,390
92456,1464,390
92460,1464,390
92464,1464,390
92468,1464,390
92472,1464,390
92476,1464,390
92480,1464,390
92484,1464,390
92488,1464,390
92492,1464,390
92496,1464,390
92500,1464,390
92504,1464,390
92508,1464,390
92512,1464,390
92516,1464,390
92520,1464,390
92524,1464,390
92528,1464,390
92532,1464,390
92536,1464,390
92540,1464,390
92544,1464,390
92548,1464,390
92552,1464,390
92556,1464,390
92560,1464,390
92564,1464,390
92568,1464,390
92572,1464,390
92576,1464,390
92580,1464,390
92584,1464,390
92588,1464,390
92592,1464,390
92596,1464,390
92600,1464,390
92604,1464,390
92608,1464,390
92612,1464,390
92616,1464,390
92620,1464,390
92624,1464,390
92628,1464,390
92632,1464,390
92636,1464,390
92640,1464,390
92644,1464,390
92648,1464,390
92652,1464,390
92656,1464,390
92660,1464,390
92664,1464,390
92668,1464,390
92672,1464,390
92676,1464,390
92680,1464,390
92684,1464,390
92688,1464,390
92692,1464,390
92696,1464,390
92700,1464,390
92704,1464,390
92708,1464,390
92712,1464,390
92716,1464,390
92720,1464,390
92724,1464,390
92728,1464,390
92732,1464,390
92736,1464,390
92740,1464,390
92744,1464,390
92748,1464,390
92752,1464,390
92756,1464,390
92760,1464,390
92764,1464,390
92768,1464,390
92772,1464,390
92776,1464,390
92780,1464,390
92784,1464,390
92788,1464,390
92792,1464,390
92796,1464,390
92800,1464,390
92804,1464,390
92808,1464,390
92812,1464,390
92816,1464,390
92820,1464,390
92824,1464,390
92828,1464,390
92832,1464,390
92836,1464,390
92840,1464,390
92844,1464,390
92848,1464,390
92852,1464,390
92856,1464,390
92860,1464,390
92864,1464,390
92868,1464,390
92872,1464,390
92876,1464,390
92880,1464,390
92884,1464,390
92888,1464,390
92892,1464,390
92896,1464,390
92900,1464,390
92904,1464,390
92908,1464,390
92912,1464,390
92916,1464,390
92920,1464,390
92924,1464,390
92928,1464,390
92932,1464,390
92936,1464,390
92940,1464,390
92944,1464,390
92948,1464,390
92952,1464,390
92956,1464,390
92960,1464,390
92964,1464,390
92968,1464,390
92972,1464,390
92976,1464,390
92980,1464,390
92984,1464,390
92988,1464,390
92992,1464,390
92996,1464,390
93000,1464,390
93004,1464,390
93008,1464,390
93012,1464,390
93016,1464,390
93020,1464,390
93024,1464,390
93028,1464,390
93032,1464,390
93036,1464,390
93040,1464,390
93044,1464,390
93048,1464,390
93052,1464,390
93056,1464,390
93060,1464,390
93064,1464,390
93068,1464,390
93072,1464,390
93076,1464,390
93080,1464,390
93084,1464,390
93088,1464,390
93092,1464,390
93096,1464,390
93100,1464,390
93104,1464,390
93108,1464,390
93112,1464,390
93116,1464,390
93120,1464,390
93124,1464,390
93128,1464,390
93132,1464,390
93136,1464,390
93140,1464,390
93144,1464,390
93148,1464,390
93152,1464,390
93156,1464,390
93160,1464,390
93164,1464,390
93168,1464,390
93172,1464,390
93176,1464,390
93180,1464,390
93184,1464,390
93188,1464,390
93192,1464,390
93196,1464,390
93200,1464,390
93204,1464,390
93208,1464,390
93212,1464,390
93216,1464,390
93220,1464,390
93224,1464,390
93228,1464,390
93232,1464,390
93236,1464,390
93240,1464,390
93244,1464,390
93248,1464,390
93252,1464,390
93256,1464,390
93260,1464,390
93264,1464,390
93268,1464,390
93272,1464,390
93276,1464,390
93280,1464,390
93284,1464,390
93288,1464,390
93292,1464,390
93296,1464,390
93300,1464,390
93304,1464,390
93308,1464,390
93312,1464,390
93316,1464,390
93320,1464,390
93324,1464,390
93328,1464,390
93332,1464,390
93336,1464,390
93340,1464,390
93344,1464,390
93348,1464,390
93352,1464,390
93356,1464,390
93360,1464,390
93364,1464,390
93368,1464,390
93372,1464,390
93376,1464,390
93380,1464,390
93384,1464,390
93388,1464,390
93392,1464,390
93396,1464,390
93400,1464,390
93404,1464,390
93408,1464,390
93412,1464,390
93416,1464,390
93420,1464,390
93424,1464,390
93428,1464,390
93432,1464,390
93436,1464,390
93440,1464,390
93444,1464,390
93448,1464,390
93452,1464,390
93456,1464,390
93460,1464,390
93464,1464,390
93468,1464,390
93472,1464,390
93476,1464,390
93480,1464,390
93484,1464,390
93488,1464,390
93492,1464,390
93496,1464,390
93500,1464,390
93504,1464,390
93508,1464,390
93512,1464,390
93516,1464,390
93520,1464,390
93524,1464,390
93528,1464,390
93532,1464,390
93536,1464,390
93540,1464,390
93544,1464,390
93548,1464,390
93552,1464,390
93556,1464,390
93560,1464,390
93564,1464,390
93568,1464,390
93572,1464,390
93576,1464,390
93580,1464,390
93584,1464,390
93588,1464,390
93592,1464,390
93596,1464,390
93600,1464,390
93604,1464,390
93608,1464,390
93612,1464,390
93616,1464,390
93620,1464,390
93624,1464,390
93628,1464,390
93632,1464,390
93636,1464,390
93640,1464,390
93644,1464,390
93648,1464,390
93652,1464,390
93656,1464,390
93660,1464,390
93664,1464,390
93668,1464,390
93672,1464,390
93676,1464,390
93680,1464,390
93684,1464,390
93688,1464,390
93692,1464,390
93696,1464,390
93700,1464,390
93704,1464,390
93708,1464,390
93712,1464,390
93716,1464,390
93720,1464,390
93724,1464,390
93728,1464,390
93732,1464,390
93736,1464,390
93740,1464,390
93744,1464,390
93748,1464,390
93752,1464,390
93756,1464,390
93760,1464,390
93764,1464,390
93768,1464,390
93772,1464,390
93776,1464,390
93780,1464,390
93784,1464,390
93788,1464,390
93792,1464,390
93796,1464,390
93800,1464,390
93804,1464,390
93808,1464,390
93812,1464,390
93816,1464,390
93820,1464,390
93824,1464,390
93828,1464,390
93832,1464,390
93836,1464,390
93840,1464,390
93844,1464,390
93848,1464,390
93852,1464,390
93856,1464,390
93860,1464,390
93864,1464,390
93868,1464,390
93872,1464,390
93876,1464,390
93880,1464,390
93884,1464,390
93888,1464,390
93892,1464,390
93896,1464,390
93900,1464,390
93904,1464,390
93908,1464,390
93912,1464,390
93916,1464,390
93920,1464,390
93924,1464,390
93928,1464,390
93932,1464,390
93936,1464,390
93940,1464,390
93944,1464,390
93948,1464,390
93952,1464,390
93956,1464,390
93960,1464,390
93964,1464,390
93968,1464,390
93972,1464,390
93976,1464,390
93980,1464,390
93984,1464,390
93988,1464,390
93992,1464,390
93996,1464,390
94000,1464,390
94004,1464,390
94008,1464,390
94012,1464,390
94016,1464,390
94020,1464,390
94024,1464,390
94028,1464,390
94032,1464,390
94036,1464,390
94040,1464,390
94044,1464,390
94048,1464,390
94052,1464,390
94056,1464,390
94060,1464,390
94064,1464,390
94068,1464,390
94072,1464,390
94076,1464,390
94080,1464,390
94084,1464,390
94088,1464,390
94092,1464,390
94096,1464,390
94100,1464,390
94104,1464,390
94108,1464,390
94112,1464,390
94116,1464,390
94120,1464,390
94124,1464,390
94128,1464,390
94132,1464,390
94136,1464,390
94140,1464,390
94144,1464,390
94148,1464,390
94152,1464,390
94156,1464,390
94160,1464,390
94164,1464,390
94168,1464,390
94172,1464,390
94176,1464,390
94180,1464,390
94184,1464,390
94188,1464,390
94192,1464,390
94196,1464,390
94200,1464,390
94204,1464,390
94208,1464,390
94212,1464,390
94216,1464,390
94220,1464,390
94224,1464,390
94228,1464,390
94232,1464,390
94236,1464,390
94240,1464,390
94244,1464,390
94248,1464,390
94252,1464,390
94256,1464,390
94260,1464,390
94264,1464,390
94268,1464,390
94272,1464,390
94276,1464,390
94280,1464,390
94284,1464,390
94288,1464,390
94292,1464,390
94296,1464,390
94300,1464,390
94304,1464,390
94308,1464,390
94312,1464,390
94316,1464,390
94320,1464,390
94324,1464,390
94328,1464,390
94332,1464,390
94336,1464,390
94340,1464,390
94344,1464,390
94348,1464,390
94352,1464,390
94356,1464,390
94360,1464,390
94364,1464,390
94368,1464,390
94372,1464,390
94376,1464,390
94380,1464,390
94384,1464,390
94388,1464,390
94392,1464,390
94396,1464,390
94400,1464,390
94404,1464,390
94408,1464,390
94412,1464,390
94416,1464,390
94420,1464,390
94424,1464,390
94428,1464,390
94432,1464,390
94436,1464,390
94440,1464,390
94444,1464,390
94448,1464,390
94452,1464,390
94456,1464,390
94460,1464,390
94464,1464,390
94468,1464,390
94472,1464,390
94476,1464,390
94480,1464,390
94484,1464,390
94488,1464,390
94492,1464,390
94496,1464,390
94500,1464,390
94504,1464,390
94508,1464,390
94512,1464,390
94516,1464,390
94520,1464,390
94524,1464,390
94528,1464,390
94532,1464,390
94536,1464,390
94540,1464,390
94544,1464,390
94548,1464,390
94552,1464,390
94556,1464,390
94560,1464,390
94564,1464,390
94568,1464,390
94572,1464,390
94576,1464,390
94580,1464,390
94584,1464,390
94588,1464,390
94592,1464,390
94596,1464,390
94600,1464,390
94604,1464,390
94608,1464,390
94612,1464,390
94616,1464,390
94620,1464,390
94624,1464,390
94628,1464,390
94632,1464,390
94636,1464,390
94640,1464,390
94644,1464,390
94648,1464,390
94652,1464,390
94656,1464,390
94660,1464,390
94664,1464,390
94668,1464,390
94672,1464,390
94676,1464,390
94680,1464,390
94684,1464,390
94688,1464,390
94692,1464,390
94696,1464,390
94700,1464,390
94704,1464,390
94708,1464,390
94712,1464,390
94716,1464,390
94720,1464,390
94724,1464,390
94728,1464,390
94732,1464,390
94736,1464,390
94740,1464,390
94744,1464,390
94748,1464,390
94752,1464,390
94756,1464,390
94760,1464,390
94764,1464,390
94768,1464,390
94772,1464,390
94776,1464,390
94780,1464,390
94784,1464,390
94788,1464,390
94792,1464,390
94796,1464,390
94800,1464,390
94804,1464,390
94808,1464,390
94812,1464,390
94816,1464,390
94820,1464,390
94824,1464,390
94828,1464,390
94832,1464,390
94836,1464,390
94840,1464,390
94844,1464,390
94848,1464,390
94852,1464,390
94856,1464,390
94860,1464,390
94864,1464,390
94868,1464,390
94872,1464,390
94876,1464,390
94880,1464,390
94884,1464,390
94888,1464,390
94892,1464,390
94896,1464,390
94900,1464,390
94904,1464,390
94908,1464,390
94912,1464,390
94916,1464,390
94920,1464,390
94924,1464,390
94928,1464,390
94932,1464,390
94936,1464,390
94940,1464,390
94944,1464,390
94948,1464,390
94952,1464,390
94956,1464,390
94960,1464,390
94964,1464,390
94968,1464,390
94972,1464,390
94976,1464,390
94980,1464,390
94984,1464,390
94988,1464,390
94992,1464,390
94996,1464,390
95000,1464,390
95004,1464,390
95008,1464,390
95012,1464,390
95016,1464,390
95020,1464,390
95024,1464,390
95028,1464,390
95032,1464,390
95036,1464,390
95040,1464,390
95044,1464,390
95048,1464,390
95052,1464,390
95056,1464,390
95060,1464,390
95064,1464,390
95068,1464,390
95072,1464,390
95076,1464,390
95080,1464,390
95084,1464,390
95088,1464,390
95092,1464,390
95096,1464,390
95100,1464,390
95104,1464,390
95108,1464,390
95112,1464,390
95116,1464,390
95120,1464,390
95124,1464,390
95128,1464,390
95132,1464,390
95136,1464,390
95140,1464,390
95144,1464,390
95148,1464,390
95152,1464,390
95156,1464,390
95160,1464,390
95164,1464,390
95168,1464,390
95172,1464,390
95176,1464,390
95180,1464,390
95184,1464,390
95188,1464,390
95192,1464,390
95196,1464,390
95200,1464,390
95204,1464,390
95208,1464,390
95212,1464,390
95216,1464,390
95220,1464,390
95224,1464,390
95228,1464,390
95232,1464,390
95236,1464,390
95240,1464,390
95244,1464,390
95248,1464,390
95252,1464,390
95256,1464,390
95260,1464,390
95264,1464,390
95268,1464,390
95272,1464,390
95276,1464,390
95280,1464,390
95284,1464,390
95288,1464,390
95292,1464,390
95296,1464,390
95300,1464,390
95304,1464,390
95308,1464,390
95312,1464,390
95316,1464,390
95320,1464,390
95324,1464,390
95328,1464,390
95332,1464,390
95336,1464,390
95340,1464,390
95344,1464,390
95348,1464,390
95352,1464,390
95356,1464,390
95360,1464,390
95364,1464,390
95368,1464,390
95372,1464,390
95376,1464,390
95380,1464,390
95384,1464,390
95388,1464,390
95392,1464,390
95396,1464,390
95400,1464,390
95404,1464,390
95408,1464,390
95412,1464,390
95416,1464,390
95420,1464,390
95424,1464,390
95428,1464,390
95432,1464,390
95436,1464,390
95440,1464,390
95444,1464,390
95448,1464,390
95452,1464,390
95456,1464,390
95460,1464,390
95464,1464,390
95468,1464,390
95472,1464,390
95476,1464,390
95480,1464,390
95484,1464,390
95488,1464,390
95492,1464,390
95496,1464,390
95500,1464,390
95504,1464,390
95508,1464,390
95512,1464,390
95516,1464,390
95520,1464,390
95524,1464,390
95528,1464,390
95532,1464,390
95536,1464,390
95540,1464,390
95544,1464,390
95548,1464,390
95552,1464,390
95556,1464,390
95560,1464,390
95564,1464,390
95568,1464,390
95572,1464,390
95576,1464,390
95580,1464,390
95584,1464,390
95588,1464,390
95592,1464,390
95596,1464,390
95600,1464,390
95604,1464,390
95608,1464,390
95612,1464,390
95616,1464,390
95620,1464,390
95624,1464,390
95628,1464,390
95632,1464,390
95636,1464,390
95640,1464,390
95644,1464,390
95648,1464,390
95652,1464,390
95656,1464,390
95660,1464,390
95664,1464,390
95668,1464,390
95672,1464,390
95676,1464,390
95680,1464,390
95684,1464,390
95688,1464,390
95692,1464,390
95696,1464,390
95700,1464,390
95704,1464,390
95708,1464,390
95712,1464,390
95716,1464,390
95720,1464,390
95724,1464,390
95728,1464,390
95732,1464,390
95736,1464,390
95740,1464,390
95744,1464,390
95748,1464,390
95752,1464,390
95756,1464,390
95760,1464,390
95764,1464,390
95768,1464,390
95772,1464,390
95776,1464,390
95780,1464,390
95784,1464,390
95788,1464,390
95792,1464,390
95796,1464,390
95800,1464,390
95804,1464,390
95808,1464,390
95812,1464,390
95816,1464,390
95820,1464,390
95824,1464,390
95828,1464,390
95832,1464,390
95836,1464,390
95840,1464,390
95844,1464,390
95848,1464,390
95852,1464,390
95856,1464,390
95860,1464,390
95864,1464,390
95868,1464,390
95872,1464,390
95876,1464,390
95880,1464,390
95884,1464,390
95888,1464,390
95892,1464,390
95896,1464,390
95900,1464,390
95904,1464,390
95908,1464,390
95912,1464,390
95916,1464,390
95920,1464,390
95924,1464,390
95928,1464,390
95932,1464,390
95936,1464,390
95940,1464,390
95944,1464,390
95948,1464,390
95952,1464,390
95956,1464,390
95960,1464,390
95964,1464,390
95968,1464,390
95972,1464,390
95976,1464,390
95980,1464,390
95984,1464,390
95988,1464,390
95992,1464,390
95996,1464,390
96000,1464,390
96004,1464,390
96008,1464,390
96012,1464,390
96016,1464,390
96020,1464,390
96024,1464,390
96028,1464,390
96032,1464,390
96036,1464,390
96040,1464,390
96044,1464,390
96048,1464,390
96052,1464,390
96056,1464,390
96060,1464,390
96064,1464,390
96068,1464,390
96072,1464,390
96076,1464,390
96080,1464,390
96084,1464,390
96088,1464,390
96092,1464,390
96096,1464,390
96100,1464,390
96104,1464,390
96108,1464,390
96112,1464,390
96116,1464,390
96120,1464,390
96124,1464,390
96128,1464,390
96132,1464,390
96136,1464,390
96140,1464,390
96144,1464,390
96148,1464,390
96152,1464,390
96156,1464,390
96160,1464,390
96164,1464,390
96168,1464,390
96172,1464,390
96176,1464,390
96180,1464,390
96184,1465,390
96188,1467,390
96192,1468,390
96196,1470,390
96200,1472,390
96204,1472,390
96208,1473,390
96212,1473,390
96216,1474,390
96220,1475,390
96224,1473,390
96228,1472,390
96232,1470,391
96236,1469,391
96240,1468,392
96244,1468,392
96248,1468,393
96252,1468,394
96256,1468,395
96260,1469,396
96264,1468,395
96268,1468,394
96272,1467,393
96276,1467,392
96280,1467,391
96284,1467,390
96288,1467,390
96292,1468,389
96296,1468,389
96300,1469,389
96304,1469,388
96308,1469,388
96312,1469,387
96316,1469,387
96320,1470,387
96324,1471,386
96328,1473,386
96332,1474,385
96336,1476,385
96340,1478,385
96344,1480,384
96348,1482,384
96352,1484,383
96356,1486,383
96360,1489,383
96364,1488,380
96368,1487,378
96372,1486,375
96376,1485,373
96380,1484,371
96384,1487,370
96388,1490,369
96392,1493,369
96396,1496,368
96400,1499,368
96404,1505,366
96408,1511,364
96412,1518,363
96416,1524,361
96420,1531,360
96424,1536,360
96428,1542,360
96432,1548,360
96436,1554,360
96440,1560,360
96444,1565,361
96448,1571,362
96452,1577,364
96456,1583,365
96460,1589,367
96464,1593,367
96468,1597,367
96472,1601,368
96476,1605,368
96480,1609,369
