,X,Y
92800,139,1011
92804,144,1003
92808,149,995
92812,154,987
92816,159,979
92820,165,971
92824,170,960
92828,176,950
92832,181,940
92836,187,930
92840,193,920
92844,198,910
92848,204,900
92852,210,890
92856,216,880
92860,222,870
92864,227,859
92868,232,849
92872,237,839
92876,242,829
92880,248,819
92884,251,810
92888,255,802
92892,258,794
92896,262,786
92900,266,778
92904,269,770
92908,272,762
92912,275,754
92916,278,746
92920,282,738
92924,284,730
92928,286,723
92932,288,715
92936,290,708
92940,292,701
92944,292,694
92948,293,687
92952,293,680
92956,294,673
92960,295,666
92964,297,665
92968,299,665
92972,301,664
92976,303,664
92980,306,664
92984,310,657
92988,315,651
92992,320,645
92996,325,639
93000,330,633
93004,334,626
93008,338,619
93012,343,612
93016,347,605
93020,352,599
93024,355,593
93028,359,587
93032,363,582
93036,367,576
93040,371,571
93044,373,565
93048,375,559
93052,378,554
93056,380,548
93060,383,543
93064,386,540
93068,389,538
93072,392,535
93076,395,533
93080,398,531
93084,401,529
93088,405,527
93092,408,525
93096,412,523
93100,416,522
93104,418,516
93108,421,511
93112,423,505
93116,426,500
93120,429,495
93124,431,490
93128,433,486
93132,435,481
93136,437,477
93140,440,473
93144,442,468
93148,444,464
93152,447,459
93156,449,455
93160,452,451
93164,453,446
93168,455,441
93172,456,436
93176,458,431
93180,460,426
93184,461,423
93188,462,421
93192,463,418
93196,464,416
93200,465,414
93204,462,410
93208,460,407
93212,458,404
93216,456,401
93220,454,398
93224,453,395
93228,452,393
93232,451,391
93236,450,389
93240,450,387
93244,451,386
93248,452,385
93252,453,384
93256,454,383
93260,456,382
93264,455,382
93268,455,382
93272,454,382
93276,454,382
93280,454,382
93284,453,377
93288,453,372
93292,453,367
93296,453,362
93300,453,357
93304,450,355
93308,448,353
93312,446,351
93316,444,349
93320,442,347
93324,440,344
93328,439,341
93332,438,338
93336,437,335
93340,436,332
93344,436,330
93348,436,328
93352,437,326
93356,437,324
93360,438,322
93364,438,320
93368,438,319
93372,438,318
93376,438,317
93380,438,316
93384,439,314
93388,440,312
93392,441,310
93396,442,308
93400,443,307
93404,444,304
93408,445,302
93412,446,300
93416,447,298
93420,448,296
93424,445,294
93428,443,293
93432,440,292
93436,438,291
93440,436,290
93444,435,289
93448,435,289
93452,435,289
93456,434,289
93460,434,289
93464,434,289
93468,433,289
93472,433,289
93476,433,289
93480,432,289
93484,432,289
93488,432,289
93492,431,289
93496,431,289
93500,431,289
93504,430,289
93508,430,289
93512,430,289
93516,429,289
93520,429,289
93524,429,289
93528,428,289
93532,428,289
93536,428,289
93540,427,289
93544,427,289
93548,427,289
93552,426,289
93556,426,289
93560,426,289
93564,425,289
93568,425,289
93572,425,289
93576,424,289
93580,424,289
93584,424,289
93588,423,289
93592,423,289
93596,423,289
93600,422,289
93604,422,289
93608,422,289
93612,421,289
93616,421,289
93620,421,289
93624,420,289
93628,420,289
93632,420,289
93636,420,289
93640,420,290
93644,420,289
93648,420,289
93652,420,289
93656,420,289
93660,420,289
93664,420,289
93668,420,289
93672,420,289
93676,420,288
93680,420,288
93684,420,288
93688,420,288
93692,420,288
93696,420,288
93700,420,288
93704,420,288
93708,421,287
93712,421,287
93716,421,287
93720,421,287
93724,421,287
93728,421,287
93732,421,287
93736,421,287
93740,421,286
93744,421,286
93748,421,286
93752,421,286
93756,421,286
93760,421,286
93764,421,286
93768,421,286
93772,422,285
93776,422,285
93780,422,285
93784,422,285
93788,422,285
93792,422,285
93796,422,285
93800,422,285
93804,422,284
93808,422,284
93812,422,284
93816,422,284
93820,422,284
93824,422,284
93828,422,284
93832,422,284
93836,423,283
93840,423,283
93844,423,283
93848,423,283
93852,423,283
93856,423,283
93860,423,283
93864,423,283
93868,423,282
93872,423,282
93876,423,282
93880,423,282
93884,423,282
93888,423,282
93892,423,282
93896,423,282
93900,424,282
93904,423,281
93908,422,280
93912,422,279
93916,421,278
93920,421,278
93924,419,277
93928,418,277
93932,416,277
93936,415,277
93940,414,277
93944,413,276
93948,413,276
93952,413,276
93956,413,276
93960,413,276
93964,413,276
93968,413,276
93972,413,276
93976,413,276
93980,413,276
93984,413,276
93988,413,276
93992,413,276
93996,413,276
94000,413,276
94004,413,276
94008,413,276
94012,413,276
94016,413,276
94020,413,276
94024,413,276
94028,413,276
94032,413,276
94036,413,276
94040,413,276
94044,413,276
94048,413,276
94052,413,276
94056,413,276
94060,413,276
94064,413,276
94068,413,276
94072,413,276
94076,413,276
94080,413,276
94084,413,276
94088,413,276
94092,413,276
94096,413,276
94100,413,276
94104,413,276
94108,413,276
94112,413,276
94116,413,276
94120,413,276
94124,413,276
94128,413,276
94132,413,276
94136,413,276
94140,413,276
94144,413,276
94148,413,276
94152,413,276
94156,413,276
94160,413,276
94164,413,276
94168,413,276
94172,413,276
94176,413,276
94180,413,276
94184,413,276
94188,413,276
94192,413,276
94196,413,276
94200,413,276
94204,413,276
94208,412,276
94212,412,276
94216,412,276
94220,412,276
94224,412,276
94228,412,276
94232,412,276
94236,412,276
94240,412,276
94244,412,276
94248,412,276
94252,412,276
94256,412,276
94260,412,276
94264,412,276
94268,412,276
94272,412,276
94276,412,276
94280,412,276
94284,412,276
94288,412,276
94292,412,276
94296,412,276
94300,412,276
94304,412,276
94308,412,276
94312,412,276
94316,412,276
94320,412,276
94324,412,276
94328,412,276
94332,412,276
94336,412,276
94340,412,276
94344,412,276
94348,412,276
94352,412,276
94356,412,276
94360,412,276
94364,412,276
94368,412,276
94372,412,276
94376,412,276
94380,412,276
94384,412,276
94388,412,276
94392,412,276
94396,412,276
94400,412,276
94404,412,276
94408,412,276
94412,412,276
94416,412,276
94420,412,276
94424,412,276
94428,412,276
94432,412,276
94436,412,276
94440,412,276
94444,412,276
94448,412,276
94452,412,276
94456,412,276
94460,412,276
94464,412,276
94468,412,276
94472,412,276
94476,411,276
94480,411,276
94484,411,276
94488,411,276
94492,411,276
94496,411,276
94500,411,276
94504,411,276
94508,411,276
94512,411,276
94516,411,276
94520,411,276
94524,411,276
94528,411,276
94532,411,276
94536,411,276
94540,411,276
94544,411,276
94548,411,276
94552,411,276
94556,411,276
94560,411,276
94564,411,276
94568,411,276
94572,411,276
94576,411,276
94580,411,276
94584,411,276
94588,411,276
94592,411,276
94596,411,276
94600,411,276
94604,411,276
94608,411,276
94612,411,276
94616,411,276
94620,411,276
94624,411,276
94628,411,276
94632,411,276
94636,411,276
94640,411,276
94644,411,276
94648,411,276
94652,411,276
94656,411,276
94660,411,276
94664,411,276
94668,411,276
94672,411,276
94676,411,276
94680,411,276
94684,411,276
94688,411,276
94692,411,276
94696,411,276
94700,411,276
94704,411,276
94708,411,276
94712,411,276
94716,411,276
94720,411,276
94724,411,276
94728,411,276
94732,411,276
94736,411,276
94740,411,276
94744,406,275
94748,401,275
94752,397,274
94756,392,274
94760,388,274
94764,383,275
94768,379,277
94772,375,279
94776,371,281
94780,367,283
94784,367,282
94788,367,282
94792,367,282
94796,367,282
94800,367,282
94804,367,282
94808,368,282
94812,368,282
94816,368,282
94820,368,282
94824,368,282
94828,368,282
94832,369,282
94836,369,282
94840,369,281
94844,369,281
94848,369,281
94852,369,281
94856,370,281
94860,370,281
94864,370,281
94868,370,281
94872,370,281
94876,370,281
94880,371,281
94884,371,281
94888,371,281
94892,371,281
94896,371,280
94900,371,280
94904,372,280
94908,372,280
94912,372,280
94916,372,280
94920,372,280
94924,372,280
94928,372,280
94932,373,280
94936,373,280
94940,373,280
94944,373,280
94948,373,280
94952,373,280
94956,374,279
94960,374,279
94964,374,279
94968,374,279
94972,374,279
94976,374,279
94980,375,279
94984,375,279
94988,375,279
94992,375,279
94996,375,279
95000,375,279
95004,376,279
95008,376,279
95012,376,278
95016,376,278
95020,376,278
95024,376,278
95028,377,278
95032,377,278
95036,377,278
95040,377,278
95044,377,278
95048,377,278
95052,377,278
95056,378,278
95060,378,278
95064,378,278
95068,378,278
95072,378,277
95076,378,277
95080,379,277
95084,379,277
95088,379,277
95092,379,277
95096,379,277
95100,379,277
95104,380,277
95108,380,277
95112,380,277
95116,380,277
95120,380,277
95124,380,277
95128,381,276
95132,381,276
95136,381,276
95140,381,276
95144,381,276
95148,381,276
95152,382,276
95156,382,276
95160,382,276
95164,382,276
95168,382,276
95172,382,276
95176,382,276
95180,383,276
95184,383,276
95188,383,275
95192,383,275
95196,383,275
95200,383,275
95204,384,275
95208,384,275
95212,384,275
95216,384,275
95220,384,275
95224,384,275
95228,385,275
95232,385,275
95236,385,275
95240,385,275
95244,385,274
95248,385,274
95252,386,274
95256,386,274
95260,386,274
95264,386,274
95268,386,274
95272,386,274
95276,387,274
95280,387,274
95284,387,274
95288,387,274
95292,387,274
95296,387,274
95300,388,274
95304,390,272
95308,392,271
95312,395,269
95316,397,268
95320,400,267
95324,401,264
95328,403,261
95332,405,259
95336,407,256
95340,409,254
95344,409,251
95348,409,248
95352,409,246
95356,409,243
95360,410,241
95364,407,240
95368,405,239
95372,403,238
95376,401,237
95380,399,236
95384,399,235
95388,399,235
95392,399,235
95396,399,235
95400,399,235
95404,399,235
95408,399,235
95412,399,235
95416,399,235
95420,399,235
95424,399,235
95428,399,235
95432,399,235
95436,399,235
95440,399,235
95444,399,235
95448,399,235
95452,399,235
95456,399,235
95460,399,235
95464,399,235
95468,399,235
95472,399,235
95476,399,235
95480,399,235
95484,399,235
95488,399,235
95492,399,235
95496,399,234
95500,399,234
95504,399,234
95508,399,234
95512,399,234
95516,399,234
95520,399,234
95524,399,234
95528,399,234
95532,399,234
95536,399,234
95540,399,234
95544,399,234
95548,399,234
95552,399,234
95556,399,234
95560,399,234
95564,399,234
95568,399,234
95572,399,234
95576,399,234
95580,399,234
95584,399,234
95588,399,234
95592,399,234
95596,399,234
95600,399,234
95604,399,234
95608,399,234
95612,399,233
95616,399,233
95620,399,233
95624,399,233
95628,399,233
95632,399,233
95636,399,233
95640,399,233
95644,399,233
95648,399,233
95652,399,233
95656,399,233
95660,399,233
95664,399,233
95668,399,233
95672,399,233
95676,399,233
95680,399,233
95684,399,233
95688,399,233
95692,399,233
95696,399,233
95700,399,233
95704,399,233
95708,399,233
95712,399,233
95716,399,233
95720,399,233
95724,399,233
95728,399,232
95732,399,232
95736,399,232
95740,399,232
95744,399,232
95748,399,232
95752,399,232
95756,399,232
95760,399,232
95764,399,232
95768,399,232
95772,399,232
95776,399,232
95780,399,232
95784,399,232
95788,399,232
95792,399,232
95796,399,232
95800,399,232
95804,399,232
95808,399,232
95812,399,232
95816,399,232
95820,399,232
95824,399,232
95828,399,232
95832,399,232
95836,399,232
95840,399,232
95844,401,231
95848,403,231
95852,405,231
95856,407,231
95860,409,231
95864,411,233
95868,414,235
95872,417,237
95876,420,239
95880,423,241
95884,428,241
95888,433,242
95892,438,243
95896,443,244
95900,449,245
95904,454,244
95908,460,244
95912,465,243
95916,471,243
95920,477,243
95924,482,243
95928,487,244
95932,492,245
95936,497,246
95940,502,247
95944,505,247
95948,509,248
95952,512,248
95956,516,249
95960,520,250
95964,520,251
95968,520,252
95972,521,253
95976,521,254
95980,522,255
95984,521,255
95988,521,256
95992,521,257
95996,521,258
96000,521,259
96004,522,259
96008,523,260
96012,525,260
96016,526,261
96020,528,262
96024,527,263
96028,527,265
96032,526,267
96036,526,269
96040,526,271
96044,530,272
96048,534,274
96052,538,275
96056,542,277
96060,546,279
96064,551,280
96068,556,281
96072,561,282
96076,566,283
96080,572,285
96084,574,287
96088,577,290
96092,580,293
96096,583,296
96100,586,299
96104,587,301
96108,588,304
96112,589,307
96116,590,310
96120,591,313
96124,590,316
96128,590,319
96132,590,322
96136,590,325
96140,590,328
96144,593,332
96148,596,336
96152,599,340
96156,602,344
96160,605,349
96164,610,351
96168,616,354
96172,621,356
96176,627,359
96180,633,362
96184,638,365
96188,643,368
96192,648,371
96196,653,374
96200,659,378
96204,663,381
96208,668,384
96212,672,388
96216,677,391
96220,682,395
96224,687,399
96228,692,403
96232,697,407
96236,702,411
96240,708,415
96244,714,418
96248,720,421
96252,727,424
96256,733,427
96260,740,430
96264,746,433
96268,753,436
96272,759,439
96276,766,442
96280,773,445
96284,779,448
96288,785,451
96292,791,455
96296,797,458
96300,803,462
96304,809,465
96308,816,468
96312,822,472
96316,829,475
96320,836,479
96324,842,481
96328,849,483
96332,856,486
96336,863,488
96340,870,491
96344,870,490
96348,871,490
96352,872,490
96356,872,490
96360,873,490
96364,874,490
96368,875,489
96372,875,489
96376,876,489
96380,877,489
96384,877,489
96388,878,489
96392,879,488
96396,880,488
96400,880,488
96404,881,488
96408,882,488
96412,882,488
96416,883,487
96420,884,487
96424,885,487
96428,885,487
96432,886,487
96436,887,487
96440,887,486
96444,888,486
96448,889,486
96452,890,486
96456,890,486
96460,891,486
96464,892,485
96468,892,485
96472,893,485
96476,894,485
96480,895,485
96484,895,485
96488,896,485
96492,897,484
96496,897,484
96500,898,484
96504,899,484
96508,900,484
96512,900,484
96516,901,483
96520,902,483
96524,902,483
96528,903,483
96532,904,483
96536,905,483
96540,905,482
96544,906,482
96548,907,482
96552,907,482
96556,908,482
96560,909,482
96564,910,481
96568,910,481
96572,911,481
96576,912,481
96580,912,481
96584,913,481
96588,914,480
96592,915,480
96596,915,480
96600,916,480
96604,917,480
96608,917,480
96612,918,479
96616,919,479
96620,920,479
96624,920,479
96628,921,479
96632,922,479
96636,922,479
96640,923,478
96644,924,478
96648,925,478
96652,925,478
96656,926,478
96660,927,478
96664,927,477
96668,928,477
96672,929,477
96676,930,477
96680,930,477
96684,931,477
96688,932,476
96692,932,476
96696,933,476
96700,934,476
96704,935,476
96708,935,476
96712,936,475
96716,937,475
96720,937,475
96724,938,475
96728,939,475
96732,940,475
96736,940,474
96740,941,474
96744,942,474
96748,942,474
96752,943,474
96756,944,474
96760,945,474
96764,951,471
96768,958,469
96772,964,467
96776,971,465
96780,978,463
96784,985,463
96788,993,463
96792,1001,463
96796,1009,463
96800,1017,463
96804,1025,461
96808,1033,459
96812,1042,457
96816,1050,455
96820,1059,453
96824,1064,449
96828,1070,445
96832,1076,441
96836,1082,437
96840,1088,434
96844,1092,429
96848,1096,424
96852,1100,419
96856,1104,414
96860,1108,409
96864,1110,405
96868,1112,401
96872,1114,397
96876,1116,393
96880,1119,389
96884,1122,385
96888,1126,381
96892,1129,377
96896,1133,373
96900,1137,369
96904,1140,365
96908,1144,362
96912,1148,358
96916,1152,355
96920,1156,352
96924,1160,348
96928,1164,344
96932,1168,340
96936,1172,336
96940,1176,333
96944,1179,330
96948,1183,327
96952,1186,324
96956,1190,321
96960,1194,319
96964,1197,315
96968,1200,312
96972,1203,308
96976,1206,305
96980,1210,302
96984,1212,298
96988,1215,295
96992,1218,292
96996,1221,289
97000,1224,286
97004,1227,283
97008,1231,280
97012,1234,277
97016,1238,274
97020,1242,271
97024,1245,268
97028,1248,265
97032,1252,263
97036,1255,260
97040,1259,258
97044,1262,255
97048,1265,252
97052,1268,249
97056,1271,246
97060,1274,244
97064,1277,241
97068,1280,238
97072,1283,235
97076,1286,232
97080,1290,229
97084,1292,226
97088,1294,223
97092,1297,221
97096,1299,218
97100,1302,216
97104,1303,213
97108,1304,210
97112,1306,207
97116,1307,204
97120,1309,202
97124,1310,199
97128,1311,196
97132,1312,194
97136,1313,191
97140,1314,189
97144,1315,186
97148,1316,184
97152,1317,181
97156,1318,179
97160,1319,177
97164,1320,174
97168,1321,172
97172,1323,169
97176,1324,167
97180,1326,165
97184,1327,162
97188,1328,160
97192,1329,157
97196,1330,155
97200,1332,153
97204,1330,150
97208,1328,147
97212,1327,144
97216,1325,141
97220,1324,138
97224,1322,135
97228,1321,133
97232,1319,131
97236,1318,129
97240,1317,127
97244,1316,124
97248,1315,122
97252,1314,119
97256,1313,117
97260,1313,115
97264,1313,112
97268,1313,110
97272,1313,107
97276,1313,105
97280,1314,103
97284,1314,101
97288,1314,99
97292,1314,97
97296,1314,95
97300,1315,93
97304,1315,90
97308,1315,88
97312,1315,86
97316,1315,84
97320,1315,82
97324,1314,80
97328,1314,78
97332,1313,76
97336,1313,74
97340,1313,72
