,X,Y
92880,1562,365
92884,1557,361
92888,1552,357
92892,1547,354
92896,1542,350
92900,1537,347
92904,1533,344
92908,1529,342
92912,1525,340
92916,1521,338
92920,1518,336
92924,1514,333
92928,1510,330
92932,1507,328
92936,1503,325
92940,1500,323
92944,1496,321
92948,1493,319
92952,1490,317
92956,1487,315
92960,1484,313
92964,1483,311
92968,1483,309
92972,1483,308
92976,1483,306
92980,1483,305
92984,1482,303
92988,1481,301
92992,1480,299
92996,1479,297
93000,1479,295
93004,1479,293
93008,1479,291
93012,1479,289
93016,1479,287
93020,1479,285
93024,1478,284
93028,1477,283
93032,1476,283
93036,1475,282
93040,1475,282
93044,1475,280
93048,1476,278
93052,1477,276
93056,1478,274
93060,1479,272
93064,1479,271
93068,1479,270
93072,1479,269
93076,1479,268
93080,1479,267
93084,1478,265
93088,1477,263
93092,1476,261
93096,1475,259
93100,1475,258
93104,1474,258
93108,1474,258
93112,1474,258
93116,1474,258
93120,1474,258
93124,1474,257
93128,1474,256
93132,1474,256
93136,1474,255
93140,1475,255
93144,1474,256
93148,1474,258
93152,1474,259
93156,1474,261
93160,1474,263
93164,1473,261
93168,1473,260
93172,1473,259
93176,1473,258
93180,1473,257
93184,1473,257
93188,1474,257
93192,1474,258
93196,1475,258
93200,1476,259
93204,1475,258
93208,1474,257
93212,1474,257
93216,1473,256
93220,1473,256
93224,1473,256
93228,1473,256
93232,1474,257
93236,1474,257
93240,1475,258
93244,1475,258
93248,1475,258
93252,1475,258
93256,1475,258
93260,1475,258
93264,1475,258
93268,1475,258
93272,1475,259
93276,1475,259
93280,1475,260
93284,1475,259
93288,1476,259
93292,1476,258
93296,1477,258
93300,1478,258
93304,1477,258
93308,1477,258
93312,1476,258
93316,1476,258
93320,1476,259
93324,1475,258
93328,1475,258
93332,1475,257
93336,1475,257
93340,1475,257
93344,1474,256
93348,1473,255
93352,1472,254
93356,1471,253
93360,1471,253
93364,1472,253
93368,1474,254
93372,1475,254
93376,1477,255
93380,1479,256
93384,1479,255
93388,1479,254
93392,1480,254
93396,1480,253
93400,1481,253
93404,1481,253
93408,1481,253
93412,1481,253
93416,1481,253
93420,1482,253
93424,1481,252
93428,1480,251
93432,1480,251
93436,1479,250
93440,1479,250
93444,1479,250
93448,1480,250
93452,1480,251
93456,1481,251
93460,1482,252
93464,1481,252
93468,1480,253
93472,1479,254
93476,1478,255
93480,1478,256
93484,1478,255
93488,1479,254
93492,1480,254
93496,1481,253
93500,1482,253
93504,1481,253
93508,1481,253
93512,1481,253
93516,1481,253
93520,1481,253
93524,1480,253
93528,1480,253
93532,1480,253
93536,1480,253
93540,1480,254
93544,1480,253
93548,1481,252
93552,1481,252
93556,1482,251
93560,1483,251
93564,1484,251
93568,1486,252
93572,1488,253
93576,1490,254
93580,1492,255
93584,1491,253
93588,1490,251
93592,1489,250
93596,1488,248
93600,1488,247
93604,1489,247
93608,1490,247
93612,1491,247
93616,1492,247
93620,1493,248
93624,1493,248
93628,1493,248
93632,1493,248
93636,1493,248
93640,1494,248
93644,1494,248
93648,1494,249
93652,1495,250
93656,1495,251
93660,1496,252
93664,1495,251
93668,1495,250
93672,1494,250
93676,1494,249
93680,1494,249
93684,1494,248
93688,1494,248
93692,1494,247
93696,1494,247
93700,1494,247
93704,1494,247
93708,1495,248
93712,1495,248
93716,1496,249
93720,1497,250
93724,1496,249
93728,1496,248
93732,1496,247
93736,1496,246
93740,1496,246
93744,1495,245
93748,1495,245
93752,1494,244
93756,1494,244
93760,1494,244
93764,1494,245
93768,1494,247
93772,1494,248
93776,1494,250
93780,1494,252
93784,1494,250
93788,1494,249
93792,1494,247
93796,1494,246
93800,1494,245
93804,1494,244
93808,1494,243
93812,1494,243
93816,1494,242
93820,1494,242
93824,1494,243
93828,1494,244
93832,1494,245
93836,1494,246
93840,1495,248
93844,1494,247
93848,1494,246
93852,1494,246
93856,1494,245
93860,1494,245
93864,1493,246
93868,1493,247
93872,1493,248
93876,1493,249
93880,1493,250
93884,1492,250
93888,1492,250
93892,1492,250
93896,1492,250
93900,1492,250
93904,1492,250
93908,1492,250
93912,1492,250
93916,1492,250
93920,1492,250
93924,1492,250
93928,1492,250
93932,1492,250
93936,1492,250
93940,1492,250
93944,1492,249
93948,1493,249
93952,1494,248
93956,1495,248
93960,1496,248
93964,1496,248
93968,1496,248
93972,1496,248
93976,1496,248
93980,1496,248
93984,1495,248
93988,1494,248
93992,1493,248
93996,1492,248
94000,1491,248
94004,1491,248
94008,1491,248
94012,1491,248
94016,1491,248
94020,1491,248
94024,1492,248
94028,1493,249
94032,1494,249
94036,1495,250
94040,1496,251
94044,1495,251
94048,1495,251
94052,1495,251
94056,1495,251
94060,1495,251
94064,1495,251
94068,1495,251
94072,1495,251
94076,1495,251
94080,1495,251
94084,1494,251
94088,1494,251
94092,1493,251
94096,1493,251
94100,1493,251
94104,1493,251
94108,1493,251
94112,1494,251
94116,1494,251
94120,1495,251
94124,1495,251
94128,1495,251
94132,1495,251
94136,1495,251
94140,1495,251
94144,1494,251
94148,1494,251
94152,1494,251
94156,1494,251
94160,1494,251
94164,1494,251
94168,1494,251
94172,1494,251
94176,1494,251
94180,1494,251
94184,1494,251
94188,1494,251
94192,1494,251
94196,1494,251
94200,1494,251
94204,1494,251
94208,1494,251
94212,1494,251
94216,1494,251
94220,1494,251
94224,1494,251
94228,1494,251
94232,1494,251
94236,1494,251
94240,1494,251
94244,1493,251
94248,1493,251
94252,1493,251
94256,1493,251
94260,1493,251
94264,1493,251
94268,1493,251
94272,1493,251
94276,1493,251
94280,1493,251
94284,1493,251
94288,1493,251
94292,1493,251
94296,1493,251
94300,1493,251
94304,1493,251
94308,1493,251
94312,1493,251
94316,1493,251
94320,1493,251
94324,1493,251
94328,1493,251
94332,1493,251
94336,1493,251
94340,1493,251
94344,1493,251
94348,1493,251
94352,1493,251
94356,1493,251
94360,1493,251
94364,1493,251
94368,1493,251
94372,1493,251
94376,1493,251
94380,1493,251
94384,1489,249
94388,1486,248
94392,1483,246
94396,1480,245
94400,1477,244
94404,1473,243
94408,1470,242
94412,1466,241
94416,1463,240
94420,1460,240
94424,1455,240
94428,1450,241
94432,1445,241
94436,1440,242
94440,1435,243
94444,1431,241
94448,1427,239
94452,1424,237
94456,1420,235
94460,1417,234
94464,1414,234
94468,1411,234
94472,1408,234
94476,1405,234
94480,1402,234
94484,1396,232
94488,1390,230
94492,1384,228
94496,1378,226
94500,1372,224
94504,1365,223
94508,1359,223
94512,1353,222
94516,1347,222
94520,1341,222
94524,1334,221
94528,1327,220
94532,1321,219
94536,1314,218
94540,1308,217
94544,1301,216
94548,1295,215
94552,1288,215
94556,1282,214
94560,1276,214
94564,1269,212
94568,1262,210
94572,1256,209
94576,1249,207
94580,1243,206
94584,1236,206
94588,1230,207
94592,1223,207
94596,1217,208
94600,1211,209
94604,1203,207
94608,1196,206
94612,1188,205
94616,1181,204
94620,1174,203
94624,1168,202
94628,1163,201
94632,1157,200
94636,1152,199
94640,1147,199
94644,1143,198
94648,1140,197
94652,1136,196
94656,1133,195
94660,1130,194
94664,1127,191
94668,1124,188
94672,1122,185
94676,1119,182
94680,1117,180
94684,1116,177
94688,1116,174
94692,1115,171
94696,1115,168
94700,1115,166
94704,1114,164
94708,1114,162
94712,1114,160
94716,1114,158
94720,1114,156
94724,1114,153
94728,1114,150
94732,1114,147
94736,1114,144
94740,1114,142
94744,1113,140
94748,1113,138
94752,1112,136
94756,1112,134
94760,1112,132
94764,1113,129
94768,1114,126
94772,1115,123
94776,1116,120
94780,1117,117
94784,1116,115
94788,1116,113
94792,1115,111
94796,1115,109
94800,1115,108
94804,1115,105
94808,1115,103
94812,1115,101
94816,1115,99
94820,1115,97
94824,1113,93
94828,1112,89
94832,1111,85
94836,1110,81
94840,1109,78
94844,1106,77
94848,1103,76
94852,1100,75
94856,1097,74
94860,1095,73
94864,1091,71
94868,1088,69
94872,1085,67
94876,1082,65
94880,1079,64
94884,1073,63
94888,1067,62
94892,1061,61
94896,1055,60
94900,1049,60
94904,1043,58
94908,1038,57
94912,1032,55
94916,1027,54
94920,1022,53
94924,1019,51
94928,1016,50
94932,1014,48
94936,1011,47
94940,1009,46
