,X,Y
93440,594,75
93444,591,76
93448,589,77
93452,587,79
93456,585,80
93460,583,82
93464,583,85
93468,583,88
93472,583,91
93476,583,94
93480,583,97
93484,582,99
93488,582,101
93492,581,103
93496,581,105
93500,581,108
93504,581,110
93508,582,113
93512,583,116
93516,584,119
93520,585,122
93524,584,124
93528,584,126
93532,584,128
93536,584,130
93540,584,132
93544,584,134
93548,584,136
93552,584,138
93556,584,140
93560,584,143
93564,584,145
93568,584,148
93572,585,150
93576,585,153
93580,586,156
93584,586,158
93588,587,160
93592,588,162
93596,589,164
93600,590,166
93604,591,169
93608,592,172
93612,593,176
93616,594,179
93620,596,183
93624,595,185
93628,595,187
93632,594,190
93636,594,192
93640,594,195
93644,593,199
93648,592,203
93652,591,207
93656,590,211
93660,590,215
93664,586,216
93668,583,218
93672,580,219
93676,577,221
93680,574,223
93684,569,225
93688,564,227
93692,559,229
93696,554,231
93700,549,234
93704,543,236
93708,537,238
93712,531,240
93716,525,242
93720,520,245
93724,514,246
93728,508,247
93732,502,248
93736,496,249
93740,491,251
93744,486,252
93748,481,253
93752,476,255
93756,471,256
93760,467,258
93764,463,258
93768,459,259
93772,456,260
93776,452,261
93780,449,262
93784,447,260
93788,446,259
93792,444,258
93796,443,257
93800,442,256
93804,442,257
93808,442,259
93812,443,260
93816,443,262
93820,444,264
93824,443,263
93828,442,262
93832,441,262
93836,440,261
93840,439,261
93844,439,261
93848,439,261
93852,440,262
93856,440,262
93860,441,263
93864,440,261
93868,439,259
93872,439,258
93876,438,256
93880,438,255
93884,436,253
93888,435,252
93892,433,250
93896,432,249
93900,431,248
93904,427,247
93908,424,246
93912,421,245
93916,418,244
93920,415,244
93924,412,242
93928,409,241
93932,406,239
93936,403,238
93940,400,237
93944,399,237
93948,398,237
93952,397,237
93956,396,237
93960,395,238
93964,396,237
93968,397,236
93972,399,236
93976,400,235
93980,402,235
93984,403,235
93988,404,236
93992,405,236
93996,406,237
94000,408,238
94004,407,238
94008,407,238
94012,407,238
94016,406,238
94020,406,238
94024,406,238
94028,405,238
94032,405,238
94036,405,238
94040,405,238
94044,405,237
94048,405,236
94052,406,235
94056,406,234
94060,407,234
94064,406,234
94068,406,234
94072,406,234
94076,406,234
94080,406,234
94084,406,234
94088,406,234
94092,406,234
94096,406,234
94100,406,234
94104,406,234
94108,406,234
94112,406,234
94116,406,234
94120,406,234
94124,406,234
94128,406,234
94132,406,234
94136,406,234
94140,406,234
94144,406,234
94148,406,234
94152,406,234
94156,406,234
94160,406,234
94164,406,234
94168,406,234
94172,405,234
94176,405,234
94180,405,234
94184,405,234
94188,405,234
94192,405,234
94196,405,234
94200,405,234
94204,405,234
94208,405,234
94212,405,234
94216,405,234
94220,405,234
94224,405,234
94228,405,234
94232,405,234
94236,405,234
94240,405,234
94244,405,234
94248,405,234
94252,405,234
94256,405,234
94260,405,234
94264,405,234
94268,405,234
94272,405,234
94276,405,234
94280,405,235
94284,404,235
94288,404,235
94292,404,235
94296,404,235
94300,404,235
94304,404,235
94308,404,235
94312,404,235
94316,404,235
94320,404,235
94324,404,235
94328,404,235
94332,404,235
94336,404,235
94340,404,235
94344,404,235
94348,404,235
94352,404,235
94356,404,235
94360,404,235
94364,404,235
94368,404,235
94372,404,235
94376,404,235
94380,404,235
94384,404,235
94388,404,235
94392,403,235
94396,403,235
94400,403,235
94404,403,235
94408,403,235
94412,403,235
94416,403,235
94420,403,235
94424,403,235
94428,403,235
94432,403,235
94436,403,235
94440,403,235
94444,403,235
94448,403,235
94452,403,235
94456,403,235
94460,403,235
94464,403,235
94468,403,235
94472,403,235
94476,403,235
94480,403,235
94484,403,235
94488,403,235
94492,403,235
94496,403,235
94500,403,236
94504,402,236
94508,402,236
94512,402,236
94516,402,236
94520,402,236
94524,402,236
94528,402,236
94532,402,236
94536,402,236
94540,402,236
94544,402,236
94548,402,236
94552,402,236
94556,402,236
94560,402,236
94564,402,236
94568,402,236
94572,402,236
94576,402,236
94580,402,236
94584,402,236
94588,402,236
94592,402,236
94596,402,236
94600,402,236
94604,402,236
94608,402,236
94612,401,236
94616,401,236
94620,401,236
94624,401,236
94628,401,236
94632,401,236
94636,401,236
94640,401,236
94644,401,236
94648,401,236
94652,401,236
94656,401,236
94660,401,236
94664,401,236
94668,401,236
94672,401,236
94676,401,236
94680,401,236
94684,401,236
94688,401,236
94692,401,236
94696,401,236
94700,401,236
94704,401,236
94708,401,236
94712,401,236
94716,401,236
94720,401,237
94724,400,237
94728,400,237
94732,400,237
94736,400,237
94740,400,237
94744,400,237
94748,400,237
94752,400,237
94756,400,237
94760,400,237
94764,400,237
94768,400,237
94772,400,237
94776,400,237
94780,400,237
94784,400,237
94788,400,237
94792,400,237
94796,400,237
94800,400,237
94804,400,237
94808,400,237
94812,400,237
94816,400,237
94820,400,237
94824,400,237
94828,400,237
94832,399,237
94836,399,237
94840,399,237
94844,399,237
94848,399,237
94852,399,237
94856,399,237
94860,399,237
94864,399,237
94868,399,237
94872,399,237
94876,399,237
94880,399,237
94884,399,237
94888,399,237
94892,399,237
94896,399,237
94900,399,237
94904,399,237
94908,399,237
94912,399,237
94916,399,237
94920,399,237
94924,399,237
94928,399,237
94932,399,237
94936,399,237
94940,399,238
94944,402,239
94948,405,240
94952,408,241
94956,411,242
94960,414,243
94964,417,243
94968,420,244
94972,424,245
94976,427,246
94980,431,247
94984,435,248
94988,439,249
94992,444,250
94996,448,251
95000,453,253
95004,458,253
95008,463,254
95012,468,255
95016,473,256
95020,478,257
95024,481,258
95028,484,260
95032,488,262
95036,491,264
95040,495,266
95044,495,265
95048,496,264
95052,497,264
95056,498,263
95060,499,263
95064,499,262
95068,499,262
95072,499,261
95076,499,261
95080,499,261
95084,499,261
95088,500,262
95092,500,262
95096,501,263
95100,502,264
95104,504,265
95108,507,266
95112,510,267
95116,513,268
95120,516,270
95124,519,271
95128,523,272
95132,526,273
95136,530,274
95140,534,275
95144,538,275
95148,543,276
95152,548,277
95156,553,278
95160,558,279
95164,564,280
95168,570,281
95172,576,282
95176,582,283
95180,589,285
95184,595,286
95188,601,288
95192,608,289
95196,614,291
95200,621,293
95204,627,293
95208,634,293
95212,640,293
95216,647,293
95220,654,294
95224,660,295
95228,666,296
95232,672,298
95236,678,299
95240,684,301
95244,690,301
95248,697,302
95252,704,302
95256,711,303
95260,718,304
95264,724,305
95268,730,306
95272,736,307
95276,742,308
95280,748,310
95284,754,311
95288,761,312
95292,768,314
95296,775,315
95300,782,317
95304,789,316
95308,797,316
95312,804,316
95316,812,316
95320,820,316
95324,827,317
95328,834,318
95332,841,319
95336,848,320
95340,856,322
95344,863,322
95348,870,322
95352,877,322
95356,884,322
95360,892,323
95364,899,323
95368,906,324
95372,913,324
95376,920,325
95380,927,326
95384,933,327
95388,940,328
95392,947,329
95396,954,330
95400,961,332
95404,966,333
95408,971,335
95412,977,336
95416,982,338
95420,988,340
95424,993,342
95428,999,344
95432,1005,347
95436,1011,349
95440,1017,352
95444,1022,354
95448,1028,356
95452,1034,358
95456,1040,360
95460,1046,363
95464,1052,364
95468,1058,365
95472,1064,366
95476,1070,367
95480,1076,369
95484,1082,369
95488,1088,370
95492,1094,371
95496,1100,372
95500,1107,373
95504,1113,373
95508,1119,373
95512,1125,373
95516,1131,373
95520,1137,373
95524,1142,375
95528,1147,377
95532,1153,380
95536,1158,382
95540,1164,385
95544,1169,386
95548,1174,387
95552,1180,388
95556,1185,389
95560,1191,390
95564,1194,391
95568,1197,392
95572,1201,393
95576,1204,394
95580,1208,396
95584,1211,395
95588,1215,395
95592,1219,395
95596,1223,395
95600,1227,395
95604,1230,396
95608,1233,397
95612,1236,399
95616,1239,400
95620,1243,402
95624,1245,403
95628,1247,404
95632,1250,406
95636,1252,407
95640,1255,409
95644,1258,410
95648,1261,412
95652,1265,414
95656,1268,416
95660,1272,418
95664,1277,418
95668,1282,419
95672,1287,419
95676,1292,420
95680,1297,421
95684,1302,421
95688,1308,422
95692,1313,422
95696,1319,423
95700,1325,424
95704,1331,425
95708,1337,426
95712,1343,427
95716,1349,428
95720,1355,429
95724,1359,430
95728,1364,431
95732,1369,432
95736,1374,433
95740,1379,435
95744,1383,434
95748,1388,433
95752,1392,432
95756,1397,431
95760,1402,431
95764,1406,432
95768,1410,433
95772,1415,435
95776,1419,436
95780,1424,438
95784,1427,437
95788,1431,437
95792,1435,437
95796,1439,437
95800,1443,437
95804,1447,438
95808,1452,439
95812,1456,441
95816,1461,442
95820,1466,444
95824,1469,443
95828,1473,442
95832,1476,442
95836,1480,441
95840,1484,441
95844,1487,440
95848,1490,440
95852,1494,439
95856,1497,439
95860,1501,439
95864,1503,437
95868,1505,436
95872,1507,434
95876,1509,433
95880,1512,432
95884,1514,432
95888,1516,432
95892,1519,432
95896,1521,432
95900,1524,433
95904,1525,432
95908,1527,432
95912,1529,432
95916,1531,432
95920,1533,432
95924,1534,431
95928,1535,430
95932,1536,429
95936,1537,428
95940,1539,428
95944,1539,425
95948,1539,423
95952,1540,421
95956,1540,419
95960,1541,417
95964,1542,418
95968,1543,420
95972,1544,422
95976,1545,424
95980,1547,426
95984,1547,424
95988,1547,423
95992,1547,422
95996,1547,421
96000,1547,420
96004,1547,420
96008,1548,421
96012,1549,422
96016,1550,423
96020,1551,424
96024,1551,423
96028,1551,422
96032,1551,421
96036,1551,420
96040,1551,419
96044,1553,418
96048,1555,418
96052,1557,418
96056,1559,418
96060,1562,418
96064,1563,417
96068,1564,417
96072,1565,417
96076,1566,417
96080,1567,417
96084,1568,414
96088,1570,412
96092,1572,410
96096,1574,408
96100,1576,406
96104,1577,405
96108,1579,405
96112,1581,405
96116,1583,405
96120,1585,405
96124,1588,404
96128,1591,404
96132,1594,403
96136,1597,403
96140,1600,403
